1000.000000  0.139034  0.057735
1500.000000  0.206637  0.045628
2000.000000  0.211301  0.046727
2500.000000  0.184171  0.057861
3000.000000  0.116953  0.106045
3500.000000  0.102908  0.116005
4000.000000  0.206993  0.031810
4500.000000  0.123979  0.150566
5000.000000  0.212500  0.134047
5500.000000  0.124315  0.146484
6000.000000  0.133379  0.072913
6500.000000  0.153211  0.144088
7000.000000  0.135224  0.179561
7500.000000  0.148916  0.107604
8000.000000  0.056245  0.085699
8500.000000  0.030449  0.140597
9000.000000  0.094721  0.107833
9500.000000  0.130047  0.056663
10000.000000  0.205691  0.107116
10500.000000  0.206260  0.230958
11000.000000  0.195777  0.086407
11500.000000  0.191124  -0.051865
12000.000000  0.164303  0.058511
12500.000000  0.108383  0.060920
13000.000000  0.135022  0.168483
13500.000000  0.287587  -0.260666
14000.000000  0.191358  0.136130
14500.000000  0.339779  0.322837
15000.000000  0.199589  0.163420
15500.000000  0.326567  -0.058676
16000.000000  0.296189  0.137189
16500.000000  0.193928  0.460987
17000.000000  0.221148  0.207677
17500.000000  0.441176  -0.340507
18000.000000  0.170378  0.158171
18500.000000  0.187227  0.033423
19000.000000  0.283507  0.154739
19500.000000  0.191889  -0.028014
20000.000000  0.236602  0.183190
20500.000000  0.300657  0.372782
21000.000000  0.327983  0.202184
21500.000000  0.152074  0.123959
22000.000000  0.208473  0.141740
22500.000000  0.148293  -0.074665
23000.000000  0.168117  0.191763
23500.000000  0.196163  0.017032
24000.000000  0.227908  0.221225
24500.000000  0.231253  0.126089
25000.000000  0.259846  0.231956
25500.000000  0.190143  0.180151
26000.000000  0.247938  0.161500
26500.000000  0.229305  0.298447
27000.000000  0.204615  0.192450
27500.000000  0.061113  0.092904
28000.000000  0.200038  0.243892
28500.000000  0.025879  0.670395
29000.000000  0.221896  0.247704
29500.000000  0.147744  0.295174
30000.000000  0.189115  0.307263
30500.000000  0.263495  0.648154
31000.000000  0.192608  0.277192
31500.000000  0.230669  0.180120
32000.000000  0.252566  0.213300
32500.000000  0.146202  0.321500
33000.000000  0.271831  0.278112
33500.000000  0.083781  0.178308
34000.000000  0.218641  0.335267
34500.000000  0.174700  0.174693
35000.000000  0.201182  0.252517
35500.000000  0.121427  0.443912
36000.000000  0.226657  0.258845
36500.000000  0.454329  0.372606
37000.000000  0.258428  0.222402
37500.000000  -0.009251  0.108826
38000.000000  0.196593  0.365519
38500.000000  0.249874  0.404937
39000.000000  0.176304  0.322643
39500.000000  0.211014  0.350399
40000.000000  0.234101  0.299415
40500.000000  0.315822  0.329214
41000.000000  0.231250  0.257884
41500.000000  0.345271  0.439186
42000.000000  0.109391  0.253727
42500.000000  0.015112  0.191464
43000.000000  0.214196  0.325523
43500.000000  0.173175  0.225875
44000.000000  0.227160  0.266503
44500.000000  0.267981  0.551869
45000.000000  0.194873  0.282188
45500.000000  0.042229  0.228856
46000.000000  0.214444  0.259027
46500.000000  0.330226  0.555852
47000.000000  0.260548  0.258661
47500.000000  0.248368  0.275830
48000.000000  0.225908  0.306785
48500.000000  0.176888  0.410622
49000.000000  0.214591  0.364101
49500.000000  0.187235  0.727375
50000.000000  0.257431  0.309272
50500.000000  0.151336  0.248765
51000.000000  0.256571  0.364230
51500.000000  0.233340  0.261466
52000.000000  0.260018  0.365314
52500.000000  0.308859  0.366909
53000.000000  0.206984  0.332438
53500.000000  0.024593  0.310409
54000.000000  0.222818  0.375477
54500.000000  0.284435  0.360759
55000.000000  0.219172  0.377150
55500.000000  0.225287  0.290321
56000.000000  0.259309  0.272781
56500.000000  0.250221  0.380359
57000.000000  0.153863  0.332513
57500.000000  0.304721  0.474139
58000.000000  0.204835  0.387063
58500.000000  0.224784  0.186995
59000.000000  0.323434  0.426607
59500.000000  0.308882  0.014058
60000.000000  0.213716  0.362299
60500.000000  0.561737  0.597688
61000.000000  0.203584  0.349726
61500.000000  0.201501  0.434697
62000.000000  0.234004  0.419979
62500.000000  0.001178  0.214270
63000.000000  0.335838  0.379543
63500.000000  0.307703  -0.123459
64000.000000  0.256843  0.378475
64500.000000  0.268333  0.477645
65000.000000  0.268558  0.357811
65500.000000  0.279014  0.474998
66000.000000  0.212971  0.391523
66500.000000  0.062033  0.056525
67000.000000  0.249940  0.378969
67500.000000  0.188033  0.308429
68000.000000  0.273245  0.436450
68500.000000  0.247082  0.526945
69000.000000  0.241854  0.358833
69500.000000  0.122760  0.087093
70000.000000  0.256078  0.350596
70500.000000  0.000450  0.517392
71000.000000  0.229714  0.333757
71500.000000  0.307697  0.427068
72000.000000  0.287142  0.414565
72500.000000  0.447955  0.509147
73000.000000  0.231312  0.460290
73500.000000  0.078534  0.280981
74000.000000  0.270166  0.345846
74500.000000  0.332192  0.288520
75000.000000  0.330335  0.433396
75500.000000  0.286121  0.320608
76000.000000  0.283011  0.442762
76500.000000  0.430022  1.002199
77000.000000  0.274856  0.457487
77500.000000  0.126968  0.265501
78000.000000  0.244467  0.433194
78500.000000  0.214476  0.463665
79000.000000  0.308824  0.346070
79500.000000  0.283353  0.383731
80000.000000  0.280481  0.452676
80500.000000  0.364813  0.602600
81000.000000  0.270227  0.446694
81500.000000  0.302920  0.710018
82000.000000  0.286557  0.452840
82500.000000  0.304424  0.647279
83000.000000  0.326014  0.440999
83500.000000  0.338850  0.466303
84000.000000  0.353183  0.352628
84500.000000  0.170523  0.566338
85000.000000  0.322585  0.372535
85500.000000  0.189452  0.167584
86000.000000  0.332641  0.405584
86500.000000  0.255048  0.238937
87000.000000  0.341433  0.463474
87500.000000  0.371757  0.552533
88000.000000  0.184462  0.406520
88500.000000  0.450622  0.756199
89000.000000  0.241454  0.361503
89500.000000  0.263299  0.299421
90000.000000  0.273726  0.378318
90500.000000  0.306326  0.159660
91000.000000  0.365463  0.354559
91500.000000  0.388098  0.689708
92000.000000  0.223679  0.388276
92500.000000  0.323976  0.466618
93000.000000  0.360805  0.383936
93500.000000  0.071599  0.451873
94000.000000  0.374346  0.440953
94500.000000  0.306157  0.601152
95000.000000  0.324189  0.417380
95500.000000  0.279677  0.175368
96000.000000  0.232803  0.373692
96500.000000  0.301564  0.287457
97000.000000  0.318111  0.411853
97500.000000  0.262615  0.204259
98000.000000  0.359807  0.406446
98500.000000  0.365778  0.387501
99000.000000  0.410693  0.438016
99500.000000  0.406974  0.344228
100000.000000  0.351684  0.402803
100500.000000  0.335644  0.339601
101000.000000  0.539767  0.710524
101500.000000  0.635458  0.425645
102000.000000  0.454293  0.350050
102500.000000  0.552439  0.363513
103000.000000  0.528373  0.362140
103500.000000  0.659343  0.029565
104000.000000  0.482136  0.398701
104500.000000  0.380727  0.471085
105000.000000  0.550772  0.194366
105500.000000  0.374285  0.289144
106000.000000  0.489870  0.425240
106500.000000  0.553470  0.045965
107000.000000  0.480095  0.171782
107500.000000  0.370414  0.506206
108000.000000  0.500771  0.342736
108500.000000  0.455998  0.323598
109000.000000  0.383204  0.285246
109500.000000  0.632162  0.389503
110000.000000  0.452682  0.403874
110500.000000  0.396898  0.104091
111000.000000  0.392480  0.441869
111500.000000  0.668360  0.671162
112000.000000  0.460048  0.316547
112500.000000  0.514464  0.301888
113000.000000  0.420014  0.357187
113500.000000  0.458344  0.606809
114000.000000  0.486704  0.379895
114500.000000  0.785294  0.437251
115000.000000  0.459932  0.446572
115500.000000  0.559506  0.422348
116000.000000  0.396183  0.310262
116500.000000  0.647688  0.514135
117000.000000  0.419885  0.152077
117500.000000  0.203398  0.184525
118000.000000  0.452258  0.343565
118500.000000  0.584981  0.186233
119000.000000  0.556383  0.129164
119500.000000  0.268152  0.158116
120000.000000  0.485253  0.301667
120500.000000  0.322773  0.180326
121000.000000  0.389244  0.040901
121500.000000  0.619417  0.240992
122000.000000  0.434158  0.325790
122500.000000  0.214491  0.156611
123000.000000  0.352571  0.108766
123500.000000  0.592066  0.194396
124000.000000  0.469948  0.269674
124500.000000  0.423083  0.368034
125000.000000  0.439038  0.229018
125500.000000  0.740065  0.389159
126000.000000  0.462318  0.223916
126500.000000  0.609620  0.271975
127000.000000  0.532923  0.204861
127500.000000  0.087876  0.076877
128000.000000  0.505040  0.368286
128500.000000  0.340339  0.337324
129000.000000  0.426164  0.303620
129500.000000  0.378986  0.187855
130000.000000  0.401003  0.330792
130500.000000  0.371984  0.211386
131000.000000  0.379290  0.193993
131500.000000  0.484632  0.282824
132000.000000  0.373663  0.279007
132500.000000  0.369889  0.245820
133000.000000  0.279365  0.229116
133500.000000  0.406204  0.457168
134000.000000  0.501519  0.207964
134500.000000  0.659983  -0.045802
135000.000000  0.422281  0.219323
135500.000000  0.380153  0.493034
136000.000000  0.354686  0.248835
136500.000000  -0.013371  0.196616
137000.000000  0.595032  0.504529
137500.000000  0.722873  0.131745
138000.000000  0.402886  0.231595
138500.000000  0.946211  0.487493
139000.000000  0.527385  0.074253
139500.000000  0.332141  0.091419
140000.000000  0.271515  0.313007
140500.000000  0.255888  0.385375
141000.000000  0.357927  0.282786
141500.000000  0.538367  0.410547
142000.000000  0.415108  0.195275
142500.000000  0.285480  0.307026
143000.000000  0.321095  0.218937
143500.000000  0.386721  0.272703
144000.000000  0.390484  0.261438
144500.000000  0.218198  0.090512
145000.000000  0.555317  0.616947
145500.000000  0.590300  0.138483
146000.000000  0.304238  0.269507
146500.000000  0.395086  0.119874
147000.000000  0.529566  0.199416
147500.000000  0.199412  0.108676
148000.000000  0.354962  0.248564
148500.000000  0.352915  0.264544
149000.000000  0.338278  0.336908
149500.000000  0.198223  0.146858
150000.000000  0.401043  0.255823
150500.000000  0.255227  0.339853
151000.000000  0.315563  0.278636
151500.000000  0.194424  0.425491
152000.000000  0.350987  0.176222
152500.000000  0.237633  0.269431
153000.000000  0.392328  0.418180
153500.000000  0.789908  0.160161
154000.000000  0.388475  0.211309
154500.000000  0.255432  0.281745
155000.000000  0.288796  0.333625
155500.000000  -0.119336  0.640584
156000.000000  0.304992  0.293200
156500.000000  0.109785  0.469488
157000.000000  0.443705  0.259952
157500.000000  0.470186  0.162785
158000.000000  0.278572  0.190309
158500.000000  0.144912  0.024771
159000.000000  0.399574  0.203798
159500.000000  0.006891  0.401380
160000.000000  0.343136  0.212589
160500.000000  -0.021991  0.206969
161000.000000  0.337301  0.360850
161500.000000  0.276807  0.002241
162000.000000  0.298084  0.249134
162500.000000  0.133445  0.253937
163000.000000  0.327133  0.300698
163500.000000  0.545177  0.199914
164000.000000  0.412618  0.287644
164500.000000  0.357483  0.370769
165000.000000  0.374162  0.390995
165500.000000  0.515208  0.318021
166000.000000  0.368347  0.233176
166500.000000  0.394149  0.398449
167000.000000  0.305544  0.234102
167500.000000  0.282491  0.279191
168000.000000  0.336911  0.240924
168500.000000  0.339770  0.271873
169000.000000  0.458779  0.255599
169500.000000  0.402025  0.221884
170000.000000  0.328602  0.279102
170500.000000  0.415279  0.253006
171000.000000  0.276765  -0.058300
171500.000000  0.166522  0.278206
172000.000000  0.301810  0.281319
172500.000000  0.480530  0.383664
173000.000000  0.357508  -0.089585
173500.000000  0.324504  0.127554
174000.000000  0.288245  0.309278
174500.000000  0.083922  0.344538
175000.000000  0.260490  0.478944
175500.000000  0.310562  0.165639
176000.000000  0.279798  0.300872
176500.000000  0.223037  0.549055
177000.000000  0.315520  0.371731
177500.000000  0.421110  0.129249
178000.000000  0.355886  0.223343
178500.000000  0.283275  0.124260
179000.000000  0.252170  0.125783
179500.000000  0.006598  0.353068
180000.000000  0.318997  0.231026
180500.000000  0.251370  0.168778
181000.000000  0.267255  0.212203
181500.000000  -0.070979  0.407446
182000.000000  0.175694  0.254176
182500.000000  0.261600  0.268149
183000.000000  0.297595  0.435809
183500.000000  0.371264  0.209253
184000.000000  0.369170  0.264648
184500.000000  0.277723  0.526472
185000.000000  0.216894  0.402805
185500.000000  0.498642  0.173417
186000.000000  0.295105  0.247608
186500.000000  0.396859  0.069346
187000.000000  0.183742  0.151153
187500.000000  0.131244  0.296080
188000.000000  0.319573  0.239305
188500.000000  0.205584  0.068893
189000.000000  0.388533  0.359065
189500.000000  0.639906  0.267354
190000.000000  0.215157  0.279426
190500.000000  0.347088  0.296080
191000.000000  0.075527  0.086241
191500.000000  -0.014088  0.484900
192000.000000  0.218664  0.303728
192500.000000  0.290224  0.100936
193000.000000  0.276292  0.183143
193500.000000  0.430164  0.238168
194000.000000  0.247235  0.268537
194500.000000  0.369673  0.409977
195000.000000  0.303981  0.045478
195500.000000  -0.100403  0.696025
196000.000000  0.260159  0.289909
196500.000000  -0.138900  0.519440
197000.000000  0.260416  0.374423
197500.000000  -0.247970  0.275325
198000.000000  0.232920  0.348955
198500.000000  -0.050145  0.296189
199000.000000  0.295950  0.327687
199500.000000  0.101828  0.532655
200000.000000  0.188248  0.276827
200500.000000  0.288153  0.283781
201000.000000  0.288729  -0.157294
201500.000000  0.005431  0.272368
202000.000000  0.202812  0.263515
202500.000000  -0.207365  0.626343
203000.000000  0.240255  0.329846
203500.000000  0.672064  0.301684
204000.000000  0.270053  0.261460
204500.000000  0.280352  0.564736
205000.000000  0.270579  0.408819
205500.000000  0.319250  0.364789
206000.000000  0.292398  0.333380
206500.000000  0.340052  0.473592
207000.000000  0.120528  0.204084
207500.000000  0.069663  0.455358
208000.000000  0.246652  0.302149
208500.000000  0.133991  0.197731
209000.000000  0.297964  0.837262
209500.000000  0.275518  0.322599
210000.000000  0.206808  0.323633
210500.000000  -0.230198  0.517377
211000.000000  0.286294  0.522108
211500.000000  0.500238  0.493241
212000.000000  0.232033  0.239485
212500.000000  0.362830  0.325406
213000.000000  0.186198  0.675777
213500.000000  0.086220  0.561930
214000.000000  0.241698  0.328067
214500.000000  0.006430  0.480099
215000.000000  0.272717  0.303514
215500.000000  0.387407  0.491647
216000.000000  0.266135  0.302272
216500.000000  0.340709  0.442242
217000.000000  0.246129  0.536696
217500.000000  0.307519  0.447521
218000.000000  0.221105  0.307984
218500.000000  0.520417  0.269340
219000.000000  0.458249  0.383426
219500.000000  0.291639  0.350081
220000.000000  0.321030  0.415957
220500.000000  0.081661  0.278670
221000.000000  0.277106  0.749460
221500.000000  0.550118  0.234879
222000.000000  0.231140  0.301274
222500.000000  0.249754  0.331578
223000.000000  0.326767  0.344405
223500.000000  0.340471  0.230887
224000.000000  0.275419  0.365016
224500.000000  0.225266  0.191007
225000.000000  0.313451  0.521922
225500.000000  0.431811  0.349318
226000.000000  0.210449  0.299404
226500.000000  0.463294  -0.257321
227000.000000  0.395476  0.518339
227500.000000  0.577216  0.066448
228000.000000  0.253372  0.405571
228500.000000  0.409988  0.460878
229000.000000  0.197515  0.289253
229500.000000  0.100225  0.484339
230000.000000  0.187243  0.396895
230500.000000  0.371332  0.102487
231000.000000  0.308444  0.268044
231500.000000  0.187647  0.398054
232000.000000  0.220355  0.356515
232500.000000  0.056944  0.578608
233000.000000  0.312579  0.470457
233500.000000  0.480370  0.297035
234000.000000  0.164410  0.316727
234500.000000  -0.006647  0.414686
235000.000000  -0.099283  0.242300
235500.000000  0.135929  0.408015
236000.000000  0.222639  0.441339
236500.000000  0.252339  0.322078
237000.000000  0.340999  0.205673
237500.000000  0.317836  0.459818
238000.000000  0.264441  0.324582
238500.000000  0.161774  0.484136
239000.000000  0.475419  0.316485
239500.000000  0.731409  0.212047
240000.000000  0.194563  0.368047
240500.000000  0.317809  0.324999
241000.000000  0.092145  0.325799
241500.000000  0.250923  0.572896
242000.000000  0.289266  0.410067
242500.000000  0.353559  0.415179
243000.000000  0.336222  -0.080172
243500.000000  0.026609  0.264336
244000.000000  0.155631  0.453892
244500.000000  0.267581  0.627030
245000.000000  0.185868  0.312167
245500.000000  0.119903  0.226051
246000.000000  0.216202  0.452006
246500.000000  0.188097  0.740293
247000.000000  0.063573  0.708098
247500.000000  0.185961  0.520286
248000.000000  0.198191  0.353565
248500.000000  0.030932  0.345936
249000.000000  0.051057  0.559131
249500.000000  0.318335  0.248746
250000.000000  0.133543  0.380613
250500.000000  0.348582  0.940699
251000.000000  0.125801  0.162158
251500.000000  0.010802  0.432468
252000.000000  0.191437  0.383190
252500.000000  0.079742  0.355922
253000.000000  0.075298  0.326714
253500.000000  0.090380  0.275152
254000.000000  0.169479  0.421542
254500.000000  0.057872  0.180201
255000.000000  0.267663  0.513135
255500.000000  0.301238  0.334143
256000.000000  0.156515  0.326766
256500.000000  0.155868  0.614611
257000.000000  -0.100144  0.609386
257500.000000  0.255440  0.211741
258000.000000  0.160480  0.459807
258500.000000  0.179955  0.500746
259000.000000  0.204847  0.973149
259500.000000  0.338284  0.441315
260000.000000  0.242183  0.449094
260500.000000  0.209185  0.529747
261000.000000  0.077413  0.813576
261500.000000  0.467084  0.649602
262000.000000  0.185353  0.465328
262500.000000  0.154784  0.434951
263000.000000  0.100415  0.502815
263500.000000  0.341509  0.276947
264000.000000  0.130425  0.504952
264500.000000  0.356907  0.456842
265000.000000  0.132766  0.281797
265500.000000  0.194631  0.237760
266000.000000  0.123821  0.536431
266500.000000  0.025871  0.514051
267000.000000  0.117597  0.398421
267500.000000  0.077080  0.313441
268000.000000  0.224186  0.419342
268500.000000  0.227208  0.567481
269000.000000  -0.020118  0.302984
269500.000000  0.334278  0.561195
270000.000000  0.184252  0.420978
270500.000000  0.222673  0.373063
271000.000000  0.084674  0.348180
271500.000000  0.238648  0.502069
272000.000000  0.212689  0.475041
272500.000000  0.201898  0.630201
273000.000000  0.305222  0.679175
273500.000000  0.373327  0.495294
274000.000000  0.187233  0.500159
274500.000000  0.392918  0.434598
275000.000000  0.166774  0.394470
275500.000000  -0.011032  0.650523
276000.000000  0.060751  0.494608
276500.000000  0.287190  0.463118
277000.000000  -0.060918  -0.086597
277500.000000  0.081717  0.461272
278000.000000  0.221575  0.570538
278500.000000  0.201163  0.465049
279000.000000  0.210544  0.231411
279500.000000  -0.123135  0.441951
280000.000000  0.214909  0.520360
280500.000000  0.038168  0.555278
281000.000000  0.188070  0.608812
281500.000000  0.115325  0.498386
282000.000000  0.275809  0.561642
282500.000000  0.248162  0.398784
283000.000000  0.117920  0.403092
283500.000000  -0.179060  0.392315
284000.000000  0.162482  0.587352
284500.000000  0.043402  0.613160
285000.000000  0.138729  0.487862
285500.000000  0.185909  0.488474
286000.000000  0.179911  0.456589
286500.000000  -0.135228  0.835987
287000.000000  0.181388  0.589258
287500.000000  0.508354  0.561045
288000.000000  0.221112  0.487113
288500.000000  -0.004115  0.582322
289000.000000  0.273167  0.913267
289500.000000  0.542867  0.668156
290000.000000  0.276585  0.480218
290500.000000  0.309760  0.040385
291000.000000  0.012647  0.574777
291500.000000  0.256997  0.455846
292000.000000  0.188265  0.514177
292500.000000  0.150076  0.455963
293000.000000  0.190074  0.508381
293500.000000  0.170835  0.564797
294000.000000  0.219284  0.503314
294500.000000  0.108926  0.542660
295000.000000  0.115664  0.699989
295500.000000  0.368491  0.566307
296000.000000  0.139582  0.510676
296500.000000  0.295807  0.585226
297000.000000  0.277047  0.765224
297500.000000  0.337699  0.314128
298000.000000  0.237238  0.511075
298500.000000  0.142149  0.576968
299000.000000  0.316688  0.545910
299500.000000  0.156531  0.514160
300000.000000  0.140940  0.497195
300500.000000  -0.037659  0.543319
301000.000000  0.215293  0.612879
301500.000000  0.194100  0.596735
302000.000000  0.137360  0.513248
302500.000000  0.043580  0.770077
303000.000000  0.425204  0.367264
303500.000000  0.329739  0.403846
304000.000000  0.186357  0.531663
304500.000000  0.336113  0.181773
305000.000000  0.209057  0.631904
305500.000000  0.235733  0.579760
306000.000000  0.192523  0.540785
306500.000000  0.314712  0.488009
307000.000000  0.113903  0.509042
307500.000000  0.164684  0.792273
308000.000000  0.143268  0.514663
308500.000000  -0.034265  0.358658
309000.000000  0.218264  0.366587
309500.000000  0.461697  0.502888
310000.000000  0.272085  0.523305
310500.000000  0.296289  0.480167
311000.000000  0.461721  0.275460
311500.000000  0.276424  0.591067
312000.000000  0.162128  0.639722
312500.000000  0.152004  0.528419
313000.000000  0.097202  0.597510
313500.000000  0.277439  0.613146
314000.000000  0.161575  0.608081
314500.000000  0.295630  0.650003
315000.000000  0.288727  0.459448
315500.000000  0.329970  0.427610
316000.000000  0.075184  0.531846
316500.000000  0.347058  0.567096
317000.000000  0.046427  0.075574
317500.000000  -0.078166  0.772997
318000.000000  0.160485  0.562656
318500.000000  0.052468  0.597699
319000.000000  0.285199  0.526661
319500.000000  0.345113  0.437502
320000.000000  0.148939  0.550735
320500.000000  0.279168  0.554447
321000.000000  0.256765  0.609697
321500.000000  0.245800  0.596809
322000.000000  0.146223  0.522198
322500.000000  0.181407  0.301769
323000.000000  0.212249  0.573544
323500.000000  -0.030047  0.797959
324000.000000  0.127608  0.650702
324500.000000  -0.171714  0.764664
325000.000000  0.329334  0.785747
325500.000000  0.031752  0.681974
326000.000000  0.343552  0.582411
326500.000000  0.106753  0.566173
327000.000000  0.339929  0.922937
327500.000000  0.531849  0.584866
328000.000000  0.251329  0.740832
328500.000000  0.461917  0.602114
329000.000000  0.122315  0.418685
329500.000000  0.117113  0.710277
330000.000000  0.165298  0.576260
330500.000000  0.383105  1.060299
331000.000000  0.038914  0.215674
331500.000000  0.323565  0.642484
332000.000000  0.205781  0.609883
332500.000000  0.541566  0.630115
333000.000000  0.009238  0.851007
333500.000000  0.656644  0.527397
334000.000000  0.244840  0.619524
334500.000000  0.536288  0.710210
335000.000000  0.138607  0.118916
335500.000000  -0.010174  0.591830
336000.000000  0.257220  0.725207
336500.000000  0.358897  0.659543
337000.000000  0.306964  0.391485
337500.000000  -0.051200  0.906119
338000.000000  0.227365  0.614611
338500.000000  0.083647  0.681018
339000.000000  0.276437  0.856534
339500.000000  0.466769  0.623517
340000.000000  0.187744  0.665364
340500.000000  0.126117  0.666808
341000.000000  0.317806  0.650303
341500.000000  0.283449  0.631518
342000.000000  0.173401  0.592565
342500.000000  0.247319  0.565932
343000.000000  0.252149  0.614128
343500.000000  0.179121  0.469668
344000.000000  0.195895  0.633746
344500.000000  0.125117  0.664801
345000.000000  -0.040428  1.035724
345500.000000  0.043255  0.792426
346000.000000  0.308185  0.634023
346500.000000  -0.160106  0.560698
347000.000000  0.234251  0.762902
347500.000000  0.219086  0.677446
348000.000000  0.297514  0.698792
348500.000000  0.131555  0.592737
349000.000000  0.390785  0.599859
349500.000000  0.245620  0.629995
350000.000000  0.219089  0.673431
350500.000000  -0.023130  0.696920
351000.000000  0.299277  0.898676
351500.000000  0.048733  0.703158
352000.000000  0.217594  0.764990
352500.000000  0.148277  0.264158
353000.000000  -0.059831  0.892319
353500.000000  0.331978  0.644284
354000.000000  0.282728  0.671788
354500.000000  0.190385  0.798859
355000.000000  0.242095  0.788821
355500.000000  0.096786  0.812700
356000.000000  0.263210  0.698199
356500.000000  0.209000  0.721872
357000.000000  0.209728  0.792081
357500.000000  0.391405  0.663302
358000.000000  0.225089  0.711382
358500.000000  0.237840  0.605803
359000.000000  0.328182  0.771575
359500.000000  0.802967  0.832104
360000.000000  0.352517  0.723540
360500.000000  0.503563  0.453685
361000.000000  0.058780  0.493660
361500.000000  -0.027420  0.756930
362000.000000  0.223494  0.755935
362500.000000  0.399422  0.492513
363000.000000  0.315300  0.795758
363500.000000  0.400370  0.391906
364000.000000  0.266779  0.648424
364500.000000  0.238233  1.215307
365000.000000  0.195064  0.691362
365500.000000  0.291449  0.992737
366000.000000  0.324523  0.707796
366500.000000  0.483008  0.660727
367000.000000  0.200963  0.667245
367500.000000  -0.042613  0.754807
368000.000000  0.317304  0.697961
368500.000000  0.155829  0.728128
369000.000000  0.292054  0.976302
369500.000000  0.439970  1.221137
370000.000000  0.353157  0.799206
370500.000000  0.215219  0.757310
371000.000000  0.329243  0.806594
371500.000000  0.240257  0.748248
372000.000000  0.311595  0.629909
372500.000000  0.325240  0.795014
373000.000000  0.479154  0.752591
373500.000000  0.140149  0.765684
374000.000000  0.240215  0.754449
374500.000000  0.221357  0.965234
375000.000000  0.376590  1.025582
375500.000000  0.299299  0.607911
376000.000000  0.253484  0.713707
376500.000000  0.397582  0.818651
377000.000000  0.368239  0.785638
377500.000000  0.269572  0.891748
378000.000000  0.303075  0.799246
378500.000000  0.577224  0.857750
379000.000000  0.269741  0.170427
379500.000000  0.115797  0.817951
380000.000000  0.292904  0.786911
380500.000000  0.176238  0.742817
381000.000000  0.323504  1.138920
381500.000000  0.316328  0.928788
382000.000000  0.337753  0.735850
382500.000000  1.182981  0.888984
383000.000000  0.295228  0.511235
383500.000000  0.662857  1.013425
384000.000000  0.440540  0.797837
384500.000000  0.573659  0.670025
385000.000000  0.526492  0.850851
385500.000000  0.023792  1.012764
386000.000000  0.326309  0.829496
386500.000000  0.565422  1.144233
387000.000000  0.333659  0.674292
387500.000000  0.283614  0.914515
388000.000000  0.208394  0.835011
388500.000000  0.191100  0.673884
389000.000000  0.133049  0.631283
389500.000000  0.174462  1.015667
390000.000000  0.313713  0.790716
390500.000000  0.730144  1.332762
391000.000000  -0.008953  0.766405
391500.000000  0.243018  0.743712
392000.000000  0.389994  0.849834
392500.000000  0.798366  0.651502
393000.000000  0.229036  0.566913
393500.000000  0.389320  0.662145
394000.000000  0.260506  0.883727
394500.000000  0.335936  0.901020
395000.000000  0.304525  0.235458
395500.000000  -0.156700  1.338552
396000.000000  0.378323  0.824338
396500.000000  0.417797  0.628248
397000.000000  0.396059  0.600278
397500.000000  0.325968  0.777545
398000.000000  0.336068  0.817253
398500.000000  0.074175  0.816939
399000.000000  0.661438  0.719178
399500.000000  0.287595  0.768645
400000.000000  0.284593  0.811052
400500.000000  0.050430  0.779101
401000.000000  0.338474  1.044790
401500.000000  0.315415  0.840112
402000.000000  0.377626  0.810291
402500.000000  0.101597  0.785954
403000.000000  0.368708  0.961271
403500.000000  0.352626  0.722240
404000.000000  0.369110  0.881209
404500.000000  0.157687  0.933231
405000.000000  0.340584  0.784908
405500.000000  0.513324  0.801802
406000.000000  0.303945  0.902616
406500.000000  0.501319  1.035009
407000.000000  0.879183  0.301671
407500.000000  -0.091306  0.545106
408000.000000  0.339985  0.890602
408500.000000  0.274214  0.895526
409000.000000  0.333330  1.045219
409500.000000  0.456763  0.863542
410000.000000  0.441478  0.840312
410500.000000  0.654166  0.732869
411000.000000  0.375208  0.717490
411500.000000  0.104116  0.521006
412000.000000  0.406258  0.866573
412500.000000  0.458046  1.054309
413000.000000  0.445160  1.068455
413500.000000  0.269710  0.864054
414000.000000  0.341575  1.020762
414500.000000  0.215564  0.983463
415000.000000  0.172861  0.972621
415500.000000  0.623125  0.815800
416000.000000  0.426013  0.914743
416500.000000  0.623442  1.135954
417000.000000  0.373205  0.907085
417500.000000  0.462968  0.898258
418000.000000  0.286645  0.896068
418500.000000  0.758730  0.585121
419000.000000  0.518056  0.458220
419500.000000  0.007670  0.948543
420000.000000  0.407947  0.946549
420500.000000  -0.060501  0.862866
421000.000000  0.270486  0.496030
421500.000000  0.300434  0.994479
422000.000000  0.390427  0.817594
422500.000000  0.598312  0.935887
423000.000000  0.273585  0.635508
423500.000000  0.312895  0.879985
424000.000000  0.382820  0.870505
424500.000000  0.122326  0.981716
425000.000000  0.304450  0.796075
425500.000000  0.291083  0.939117
426000.000000  0.463814  0.981314
426500.000000  0.223608  1.246683
427000.000000  0.440693  0.896523
427500.000000  0.420790  1.037301
428000.000000  0.346793  0.905532
428500.000000  0.121372  0.880209
429000.000000  0.458546  1.286361
429500.000000  0.491145  0.744051
430000.000000  0.381114  0.983029
430500.000000  0.685682  0.880382
431000.000000  0.582352  1.026572
431500.000000  0.398306  0.873859
432000.000000  0.417103  0.863163
432500.000000  0.186166  0.816740
433000.000000  0.531351  1.484498
433500.000000  0.727727  0.683426
434000.000000  0.457133  0.987525
434500.000000  0.615273  0.841174
435000.000000  0.288077  0.704716
435500.000000  0.136552  0.727373
436000.000000  0.402190  0.840066
436500.000000  0.021281  1.116696
437000.000000  0.135030  1.156773
437500.000000  0.566628  0.919855
438000.000000  0.473168  0.902712
438500.000000  0.701773  0.909199
439000.000000  0.258798  0.629883
439500.000000  0.081475  0.605045
440000.000000  0.331848  0.969460
440500.000000  0.517933  0.853792
441000.000000  0.516546  0.624420
441500.000000  0.677012  1.007584
442000.000000  0.498687  1.028305
442500.000000  0.707579  1.099252
443000.000000  0.631369  0.911751
443500.000000  0.565274  0.862352
444000.000000  0.486077  1.074917
444500.000000  0.361199  0.922274
445000.000000  0.374250  0.643393
445500.000000  0.467348  0.514981
446000.000000  0.554063  0.860898
446500.000000  0.152075  0.798800
447000.000000  0.293671  1.276690
447500.000000  0.299935  0.798788
448000.000000  0.502238  1.037893
448500.000000  0.333268  0.875185
449000.000000  0.490384  1.201910
449500.000000  0.413887  0.644722
450000.000000  0.360794  0.986121
450500.000000  0.649295  0.991774
451000.000000  0.659053  0.863045
451500.000000  0.944165  0.658418
452000.000000  0.462000  0.891845
452500.000000  0.578036  1.034049
453000.000000  0.467022  0.577036
453500.000000  0.408155  0.943148
454000.000000  0.404496  0.992726
454500.000000  0.364601  1.203179
455000.000000  0.479191  1.518224
455500.000000  0.869582  1.099646
456000.000000  0.587200  0.970263
456500.000000  0.761845  0.998052
457000.000000  0.231280  0.651111
457500.000000  0.047983  0.907328
458000.000000  0.432966  1.056715
458500.000000  0.151298  0.818310
459000.000000  0.630056  1.373918
459500.000000  0.842227  0.867928
460000.000000  0.446114  1.011026
460500.000000  0.604557  0.997644
461000.000000  0.428830  0.826746
461500.000000  -0.082845  0.771425
462000.000000  0.378422  1.064198
462500.000000  -0.398527  1.027789
463000.000000  0.424861  1.141133
463500.000000  0.609250  0.854625
464000.000000  0.400635  1.013011
464500.000000  0.378489  1.083264
465000.000000  0.574445  0.950016
465500.000000  0.359346  0.996520
466000.000000  0.557529  0.995538
466500.000000  0.552109  0.797127
467000.000000  0.363469  1.206667
467500.000000  0.476279  1.173876
468000.000000  0.363564  0.976153
468500.000000  0.285077  0.983533
469000.000000  0.416860  0.982677
469500.000000  0.808070  0.921215
470000.000000  0.330098  1.020683
470500.000000  0.401509  0.966986
471000.000000  0.542589  1.029565
471500.000000  0.569426  1.113681
472000.000000  0.431228  1.112548
472500.000000  0.742187  0.895880
473000.000000  0.403692  1.091394
473500.000000  0.508278  0.967874
474000.000000  0.435557  1.068852
474500.000000  0.536222  1.261709
475000.000000  0.443984  0.995227
475500.000000  0.495749  0.913414
476000.000000  0.277003  1.033801
476500.000000  0.465726  1.329834
477000.000000  0.467115  1.211726
477500.000000  0.361091  1.222017
478000.000000  0.409653  1.096422
478500.000000  0.546286  0.799413
479000.000000  0.168631  1.264722
479500.000000  0.043573  1.368145
480000.000000  0.542112  1.079114
480500.000000  0.470229  0.934881
481000.000000  0.475980  1.211565
481500.000000  0.463031  1.049293
482000.000000  0.533307  1.135630
482500.000000  0.224869  1.042792
483000.000000  0.543582  0.799742
483500.000000  0.020993  1.041973
484000.000000  0.273552  1.135191
484500.000000  0.488536  1.242232
485000.000000  0.580522  1.216672
485500.000000  0.376143  1.086336
486000.000000  0.466636  1.009961
486500.000000  0.181737  1.220805
487000.000000  0.606490  1.449073
487500.000000  0.521311  1.071559
488000.000000  0.480461  1.260806
488500.000000  1.070575  1.271014
489000.000000  0.139964  1.105627
489500.000000  -0.008719  1.203168
490000.000000  0.372862  1.210122
490500.000000  0.196511  1.496697
491000.000000  0.306167  1.837304
491500.000000  0.889190  1.191339
492000.000000  0.483915  1.136211
492500.000000  0.776436  1.460517
493000.000000  0.392540  1.140635
493500.000000  0.349415  1.300069
494000.000000  0.532083  1.213730
494500.000000  -0.306618  0.673323
495000.000000  0.565540  1.477505
495500.000000  0.494299  0.992500
496000.000000  0.407354  1.181748
496500.000000  0.369490  1.070339
497000.000000  0.472943  1.304320
497500.000000  0.315753  0.578711
498000.000000  0.449805  1.161406
498500.000000  0.311365  1.237011
499000.000000  0.382351  1.254363
499500.000000  0.373958  1.193773
500000.000000  0.469644  1.190492
