1000.000000  2140884.753382  -2931118.208057
1500.000000  -17788534.193919  -1662698.420409
2000.000000  -284994.072672  -4111913.659296
2500.000000  8552137.057520  -399713.846644
3000.000000  -2445538.317191  -23299608.084623
3500.000000  8194587.708810  -9914092.314126
4000.000000  -88934.300841  -3020050.922576
4500.000000  3554203.951783  -316726.049414
5000.000000  1161297.723142  -6052311.789258
5500.000000  107791.790101  -5146557.002342
6000.000000  -5240412.231072  5261561.248478
6500.000000  2647378.214850  -5628507.002726
7000.000000  -1597859.309419  -6763855.416659
7500.000000  -1112884.009183  -3970681.111011
8000.000000  2602655.413966  116717.463777
8500.000000  5900467.251119  -5941557.507331
9000.000000  -1027427.042061  -2155417.815367
9500.000000  -4459879.230818  -3512565.429742
10000.000000  -736.359796  -70410.039316
10500.000000  -355.395018  -64803.695749
11000.000000  -1628.482253  -63616.757782
11500.000000  -378.008746  -59483.842292
12000.000000  -301.476885  -57526.087625
12500.000000  -224.697100  -56235.487071
13000.000000  716.273849  -52706.946600
13500.000000  -317.222266  -52624.322845
14000.000000  -135.813667  -49357.464964
14500.000000  -13.165611  -47468.630427
15000.000000  22.941480  -46023.598902
15500.000000  -631.439061  -44899.804113
16000.000000  -575.380351  -43843.436446
16500.000000  133.902081  -41175.473267
17000.000000  -319.657377  -40923.468747
17500.000000  212.306676  -40703.572124
18000.000000  107.353839  -38439.937731
18500.000000  -132.207945  -37660.751499
19000.000000  -330.862781  -35969.017592
19500.000000  -163.669529  -35663.342620
20000.000000  -179.701328  -34474.026026
20500.000000  -330.152518  -33473.284891
21000.000000  125.920823  -32780.096292
21500.000000  -40.458191  -32197.918459
22000.000000  -142.159345  -31557.227638
22500.000000  8.453855  -31173.805668
23000.000000  -173.746551  -30014.789864
23500.000000  -124.554294  -29563.724133
24000.000000  -90.788137  -28710.597349
24500.000000  -143.002806  -28333.406130
25000.000000  -248.824697  -27686.120058
25500.000000  -105.877473  -27154.937976
26000.000000  -134.790831  -26459.174443
26500.000000  -209.709375  -26000.905349
27000.000000  25.573487  -25529.506656
27500.000000  -366.951616  -25401.680759
28000.000000  -248.333151  -24575.702747
28500.000000  -280.725143  -24142.570813
29000.000000  -73.812257  -23841.645078
29500.000000  -232.347900  -23468.801014
30000.000000  -198.059592  -23071.178814
30500.000000  -239.383375  -22607.524609
31000.000000  -166.073199  -22337.194027
31500.000000  -157.263183  -22069.223987
32000.000000  -118.575535  -21638.137348
32500.000000  -282.497216  -21375.426211
33000.000000  -203.161067  -20989.861307
33500.000000  -267.900553  -20830.095765
34000.000000  -184.923571  -20362.869323
34500.000000  -192.062523  -20129.005197
35000.000000  -170.663070  -19688.620091
35500.000000  -178.990288  -19494.882938
36000.000000  -70.611434  -19229.806352
36500.000000  -183.637454  -18838.723212
37000.000000  -156.275979  -18679.591856
37500.000000  -264.965034  -18466.072725
38000.000000  -144.807951  -18246.908225
38500.000000  -160.734826  -17962.276491
39000.000000  -121.418591  -17775.795096
39500.000000  -140.722797  -17639.343532
40000.000000  -164.332068  -17339.519623
40500.000000  -195.553464  -17136.133497
41000.000000  -227.455285  -16954.235959
41500.000000  -165.203865  -16653.361794
42000.000000  -197.250099  -16406.267064
42500.000000  -216.617696  -16290.979763
43000.000000  -138.740516  -16076.606769
43500.000000  -177.785084  -15917.168541
44000.000000  -183.139489  -15733.377861
44500.000000  -151.111636  -15463.936834
45000.000000  -205.986036  -15418.476501
45500.000000  -234.109771  -15256.159527
46000.000000  -140.106087  -15047.205392
46500.000000  -310.115878  -14961.916082
47000.000000  3.850663  -14666.176812
47500.000000  -181.088180  -14669.958895
48000.000000  -209.605574  -14430.709871
48500.000000  -163.988567  -14266.207920
49000.000000  -173.485515  -14118.343366
49500.000000  -217.834067  -13915.397791
50000.000000  -196.492091  -13875.356311
50500.000000  -203.397358  -13766.183230
51000.000000  -160.407419  -13577.701428
51500.000000  -195.327810  -13442.272857
52000.000000  -213.438375  -13298.102506
52500.000000  -157.393527  -13174.180442
53000.000000  -171.248368  -13061.777593
53500.000000  -227.584708  -12953.929189
54000.000000  -180.089951  -12820.806104
54500.000000  -222.770258  -12686.149830
55000.000000  -192.891912  -12577.035675
55500.000000  -174.834662  -12427.232562
56000.000000  -191.115572  -12370.917343
56500.000000  -173.124115  -12236.077570
57000.000000  -146.393668  -12110.738751
57500.000000  -203.156306  -12033.432670
58000.000000  -180.345235  -11933.951223
58500.000000  -162.847936  -11894.353100
59000.000000  -182.099842  -11750.302731
59500.000000  -198.964911  -11691.564377
60000.000000  -179.855874  -11538.448033
60500.000000  -124.370467  -11413.543782
61000.000000  -178.819227  -11349.400002
61500.000000  -212.098419  -11271.755388
62000.000000  -171.269737  -11165.147771
62500.000000  -211.832906  -11089.092972
63000.000000  -175.891887  -10993.963986
63500.000000  -189.162432  -10964.560192
64000.000000  -224.850142  -10820.656587
64500.000000  -183.335020  -10748.557968
65000.000000  -176.721975  -10665.959729
65500.000000  -167.129214  -10556.898500
66000.000000  -173.031275  -10482.715519
66500.000000  -197.530482  -10472.356129
67000.000000  -196.709938  -10326.322036
67500.000000  -198.201013  -10277.951320
68000.000000  -177.708957  -10187.202906
68500.000000  -150.572389  -10086.150835
69000.000000  -210.566893  -10013.867162
69500.000000  -217.173914  -10019.512877
70000.000000  -197.272646  -9917.293436
70500.000000  -216.582776  -9842.202163
71000.000000  -196.921612  -9740.566346
71500.000000  -175.472621  -9677.104879
72000.000000  -198.293087  -9607.019930
72500.000000  -177.107095  -9570.725393
73000.000000  -187.834691  -9506.100361
73500.000000  -207.437326  -9431.963040
74000.000000  -189.319485  -9374.722967
74500.000000  -181.473613  -9270.602136
75000.000000  -184.435785  -9241.426391
75500.000000  -159.524573  -9162.865606
76000.000000  -181.709952  -9128.624478
76500.000000  -164.030938  -9032.797570
77000.000000  -197.516316  -9014.721977
77500.000000  -190.831470  -8968.055103
78000.000000  -193.668550  -8882.804788
78500.000000  -179.485947  -8855.048959
79000.000000  -186.682163  -8776.311667
79500.000000  -190.124528  -8762.067494
80000.000000  -178.230737  -8664.979916
80500.000000  -157.695286  -8613.795200
81000.000000  -182.787459  -8559.122758
81500.000000  -195.426014  -8471.922398
82000.000000  -170.000899  -8460.685152
82500.000000  -173.443055  -8400.867268
83000.000000  -188.611046  -8361.815846
83500.000000  -171.175589  -8320.667219
84000.000000  -190.520967  -8255.277285
84500.000000  -204.066123  -8216.060944
85000.000000  -191.929955  -8162.525062
85500.000000  -170.913979  -8126.913361
86000.000000  -168.310169  -8084.960002
86500.000000  -173.369362  -8061.094230
87000.000000  -190.489010  -7974.307227
87500.000000  -169.693318  -7916.794220
88000.000000  -177.030110  -7879.881111
88500.000000  -171.714069  -7832.272623
89000.000000  -171.976523  -7804.413266
89500.000000  -182.075676  -7756.337581
90000.000000  -178.312589  -7724.155349
90500.000000  -174.528365  -7642.844491
91000.000000  -233.315942  -7598.057416
91500.000000  -180.813131  -7576.208343
92000.000000  -180.359861  -7557.340936
92500.000000  -174.017879  -7513.032236
93000.000000  -187.101533  -7462.678498
93500.000000  -187.034327  -7435.284076
94000.000000  -177.312556  -7394.295393
94500.000000  -178.508579  -7344.238331
95000.000000  -173.673246  -7310.570429
95500.000000  -181.981598  -7273.408224
96000.000000  -172.838882  -7246.860799
96500.000000  -168.925635  -7197.708385
97000.000000  -190.429422  -7173.160961
97500.000000  -169.539456  -7131.957231
98000.000000  -181.220893  -7082.574960
98500.000000  -176.255233  -7057.651741
99000.000000  -180.361987  -7025.678151
99500.000000  -199.765967  -6996.818759
100000.000000  -178.606690  -6952.701507
100500.000000  -102.569609  -6923.282368
101000.000000  -83.011268  -6867.446202
101500.000000  -81.412504  -6847.659844
102000.000000  -85.338991  -6819.468580
102500.000000  -80.023291  -6792.999667
103000.000000  -92.504748  -6767.142923
103500.000000  -100.658232  -6733.940049
104000.000000  -82.374066  -6694.737447
104500.000000  -89.094152  -6651.347979
105000.000000  -92.720988  -6634.079737
105500.000000  -98.443314  -6599.047574
106000.000000  -90.502386  -6573.007351
106500.000000  -93.936430  -6542.376297
107000.000000  -87.652023  -6489.583468
107500.000000  -87.278030  -6467.316303
108000.000000  -95.928530  -6444.232399
108500.000000  -92.596868  -6429.880246
109000.000000  -86.868363  -6380.926398
109500.000000  -88.765866  -6348.346979
110000.000000  -106.528315  -6326.651170
110500.000000  -95.266288  -6315.452633
111000.000000  -98.436906  -6271.168970
111500.000000  -88.368152  -6227.476380
112000.000000  -97.452074  -6218.722177
112500.000000  -94.300066  -6200.249029
113000.000000  -97.446205  -6164.590703
113500.000000  -92.026322  -6126.512000
114000.000000  -95.242763  -6110.995119
114500.000000  -86.639293  -6081.477949
115000.000000  -91.582958  -6041.310629
115500.000000  -97.033559  -6024.673291
116000.000000  -95.129731  -6001.880165
116500.000000  -90.630645  -5962.806796
117000.000000  -97.963640  -5953.597047
117500.000000  -96.024729  -5938.444315
118000.000000  -97.087247  -5898.965733
118500.000000  -83.662862  -5890.121250
119000.000000  -92.357259  -5855.395607
119500.000000  -103.849850  -5817.685133
120000.000000  -94.194831  -5808.459401
120500.000000  -93.054407  -5770.559089
121000.000000  -97.473002  -5758.661234
121500.000000  -90.072037  -5735.945789
122000.000000  -90.362535  -5700.189995
122500.000000  -108.655171  -5686.364919
123000.000000  -93.195452  -5668.886921
123500.000000  -94.806599  -5640.362303
124000.000000  -91.770681  -5615.971482
124500.000000  -97.563024  -5601.808642
125000.000000  -96.160302  -5569.679432
125500.000000  -78.503233  -5545.554751
126000.000000  -92.457078  -5524.906637
126500.000000  -92.340270  -5505.993320
127000.000000  -92.337119  -5480.838776
127500.000000  -103.759810  -5471.633569
128000.000000  -82.553483  -5440.946169
128500.000000  -104.790557  -5414.111287
129000.000000  -97.536517  -5397.732542
129500.000000  -90.720140  -5391.703003
130000.000000  -99.148833  -5358.225623
130500.000000  -97.156817  -5337.431553
131000.000000  -96.610381  -5320.324430
131500.000000  -94.761035  -5297.984130
132000.000000  -97.009371  -5271.662198
132500.000000  -95.532111  -5266.454803
133000.000000  -95.715295  -5246.322918
133500.000000  -105.802786  -5212.643267
134000.000000  -107.231281  -5193.359653
134500.000000  -99.103958  -5180.924377
135000.000000  -89.381482  -5164.236384
135500.000000  -99.908727  -5129.063567
136000.000000  -91.902955  -5118.249142
136500.000000  -106.700519  -5091.851280
137000.000000  -96.949825  -5076.082463
137500.000000  -90.982047  -5058.887999
138000.000000  -99.762538  -5051.800731
138500.000000  -86.546997  -5030.695603
139000.000000  -85.180525  -5002.214880
139500.000000  -114.800361  -4984.214994
140000.000000  -77.784573  -4981.107935
140500.000000  -112.393162  -4977.393791
141000.000000  -94.872719  -4937.007068
141500.000000  -104.650619  -4918.320502
142000.000000  -97.547144  -4902.848363
142500.000000  -91.091681  -4887.467766
143000.000000  -101.315976  -4872.340626
143500.000000  -93.198483  -4856.569258
144000.000000  -93.981203  -4842.012872
144500.000000  -105.429606  -4820.649832
145000.000000  -89.550996  -4805.709133
145500.000000  -89.510790  -4792.609249
146000.000000  -96.191329  -4766.525881
146500.000000  -86.030532  -4757.128803
147000.000000  -93.319604  -4737.353462
147500.000000  -105.455190  -4717.418908
148000.000000  -102.933629  -4711.475475
148500.000000  -96.402978  -4696.969726
149000.000000  -96.869272  -4674.727329
149500.000000  -100.294766  -4652.245825
150000.000000  -103.278118  -4642.372446
150500.000000  -104.779227  -4630.559364
151000.000000  -105.766739  -4614.294180
151500.000000  -103.138436  -4594.319128
152000.000000  -101.340557  -4584.777652
152500.000000  -100.263113  -4566.752962
153000.000000  -92.256794  -4554.119828
153500.000000  -94.172880  -4542.226924
154000.000000  -102.542915  -4523.008630
154500.000000  -98.378425  -4512.035798
155000.000000  -103.514020  -4489.905216
155500.000000  -109.037035  -4479.528899
156000.000000  -98.603165  -4466.480198
156500.000000  -110.101995  -4445.220100
157000.000000  -98.623915  -4432.251905
157500.000000  -99.287957  -4423.800597
158000.000000  -98.985133  -4409.562571
158500.000000  -101.572429  -4406.683151
159000.000000  -93.763235  -4381.413729
159500.000000  -105.189753  -4365.341308
160000.000000  -101.291062  -4350.331441
160500.000000  -111.540571  -4341.455414
161000.000000  -100.385341  -4324.393076
161500.000000  -110.136920  -4316.753884
162000.000000  -100.026694  -4300.391380
162500.000000  -106.732506  -4283.944030
163000.000000  -103.705101  -4272.488621
163500.000000  -95.387690  -4265.432526
164000.000000  -102.087905  -4249.960476
164500.000000  -96.492723  -4230.966972
165000.000000  -102.648370  -4218.113236
165500.000000  -102.302423  -4205.880071
166000.000000  -102.667321  -4198.289964
166500.000000  -90.075048  -4185.413198
167000.000000  -103.381537  -4173.003344
167500.000000  -97.665421  -4158.296403
168000.000000  -101.738083  -4146.363140
168500.000000  -103.273089  -4127.803027
169000.000000  -96.227493  -4116.827920
169500.000000  -97.539041  -4108.655458
170000.000000  -103.371127  -4098.408124
170500.000000  -97.310133  -4084.050116
171000.000000  -101.406468  -4076.951162
171500.000000  -104.836777  -4056.248063
172000.000000  -100.527810  -4050.098197
172500.000000  -98.802537  -4037.052934
173000.000000  -99.076251  -4033.235790
173500.000000  -105.061710  -4010.812901
174000.000000  -102.871335  -4005.508888
174500.000000  -105.146163  -3991.047273
175000.000000  -103.442651  -3979.462810
175500.000000  -95.437484  -3971.109445
176000.000000  -100.717631  -3960.307738
176500.000000  -103.292879  -3941.198205
177000.000000  -105.660433  -3933.475024
177500.000000  -99.989094  -3924.180091
178000.000000  -106.405856  -3912.264511
178500.000000  -105.258092  -3898.459370
179000.000000  -102.785123  -3896.960275
179500.000000  -106.071547  -3879.590113
180000.000000  -100.895582  -3874.028670
180500.000000  -95.668297  -3863.877666
181000.000000  -100.032501  -3848.577905
181500.000000  -107.884897  -3838.762227
182000.000000  -95.162140  -3819.915470
182500.000000  -106.280107  -3817.291080
183000.000000  -103.658456  -3800.205337
183500.000000  -99.732732  -3798.016683
184000.000000  -100.176454  -3784.678333
184500.000000  -106.874170  -3776.415098
185000.000000  -102.495724  -3764.207433
185500.000000  -98.145607  -3758.646912
186000.000000  -101.591921  -3747.774359
186500.000000  -94.415612  -3736.581746
187000.000000  -103.400665  -3723.304304
187500.000000  -106.147069  -3717.522926
188000.000000  -101.237364  -3706.464824
188500.000000  -102.676340  -3692.577772
189000.000000  -102.245887  -3679.161762
189500.000000  -98.877017  -3673.618635
190000.000000  -101.977523  -3664.431140
190500.000000  -97.506469  -3657.467698
191000.000000  -104.588257  -3648.796079
191500.000000  -109.289350  -3629.069495
192000.000000  -101.485875  -3627.432603
192500.000000  -104.362370  -3619.235889
193000.000000  -102.156017  -3609.011736
193500.000000  -103.470441  -3596.460948
194000.000000  -102.425443  -3587.689425
194500.000000  -101.832805  -3578.580757
195000.000000  -101.270640  -3574.696256
195500.000000  -105.573174  -3560.678982
196000.000000  -104.838194  -3556.390697
196500.000000  -106.316635  -3540.123567
197000.000000  -103.802022  -3534.408576
197500.000000  -110.682297  -3525.491575
198000.000000  -100.969368  -3519.507819
198500.000000  -109.106397  -3508.026149
199000.000000  -99.903206  -3493.898059
199500.000000  -103.817502  -3488.088901
200000.000000  -101.105697  -3479.695229
200500.000000  -101.643702  -3472.378204
201000.000000  -100.941800  -3472.169795
201500.000000  -106.608064  -3452.905859
202000.000000  -101.924949  -3450.240691
202500.000000  -106.243613  -3434.965112
203000.000000  -99.808196  -3435.154968
203500.000000  -98.248258  -3422.364689
204000.000000  -102.848015  -3412.696653
204500.000000  -102.039573  -3398.109451
205000.000000  -101.393925  -3397.386096
205500.000000  -102.349671  -3390.441278
206000.000000  -104.363199  -3380.681011
206500.000000  -100.605814  -3369.974044
207000.000000  -105.239477  -3366.060870
207500.000000  -106.293696  -3357.059652
208000.000000  -98.943518  -3346.996186
208500.000000  -107.385804  -3339.388232
209000.000000  -104.136526  -3326.168468
209500.000000  -102.712866  -3320.054894
210000.000000  -102.096227  -3317.174633
210500.000000  -107.528871  -3305.061225
211000.000000  -101.677155  -3299.355878
211500.000000  -97.938929  -3290.170034
212000.000000  -103.444057  -3284.054974
212500.000000  -100.899039  -3279.507015
213000.000000  -100.165801  -3266.158315
213500.000000  -102.275779  -3260.719001
214000.000000  -103.274684  -3253.548329
214500.000000  -104.713108  -3245.079622
215000.000000  -102.181669  -3237.324482
215500.000000  -100.345594  -3227.986801
216000.000000  -102.712830  -3223.810425
216500.000000  -100.049462  -3219.686108
217000.000000  -99.584054  -3207.435308
217500.000000  -105.491624  -3202.331317
218000.000000  -100.611927  -3195.755123
218500.000000  -98.353508  -3189.339022
219000.000000  -102.327748  -3180.141358
219500.000000  -102.605468  -3173.485594
220000.000000  -106.178151  -3167.478234
220500.000000  -104.644278  -3157.060147
221000.000000  -102.212668  -3147.246971
221500.000000  -101.519969  -3143.024399
222000.000000  -103.415611  -3141.022172
222500.000000  -101.912035  -3131.383290
223000.000000  -102.311227  -3125.473336
223500.000000  -105.189896  -3113.680692
224000.000000  -103.661600  -3109.153425
224500.000000  -102.950076  -3104.275278
225000.000000  -104.868635  -3098.075264
225500.000000  -96.821245  -3084.452767
226000.000000  -104.333440  -3082.827581
226500.000000  -105.058749  -3075.969813
227000.000000  -102.268659  -3068.571956
227500.000000  -103.096396  -3063.643610
228000.000000  -104.543571  -3057.113327
228500.000000  -105.656847  -3048.103493
229000.000000  -105.107520  -3045.547978
229500.000000  -102.622448  -3034.831085
230000.000000  -102.046721  -3032.211397
230500.000000  -104.795853  -3022.308087
231000.000000  -105.829027  -3018.741761
231500.000000  -102.842900  -3014.269013
232000.000000  -105.743392  -3002.348373
232500.000000  -99.644452  -3007.738404
233000.000000  -107.246321  -2999.530679
233500.000000  -103.298343  -2975.999102
234000.000000  -105.245431  -2972.277436
234500.000000  -104.842026  -2973.500473
235000.000000  -105.820315  -2966.724727
235500.000000  -102.604059  -2960.030818
236000.000000  -102.361035  -2954.794563
236500.000000  -102.277392  -2950.802574
237000.000000  -102.200597  -2938.853531
237500.000000  -104.393310  -2936.603047
238000.000000  -101.551112  -2925.327759
238500.000000  -102.706038  -2919.774628
239000.000000  -104.796123  -2919.752852
239500.000000  -98.547197  -2911.735117
240000.000000  -101.266241  -2901.823899
240500.000000  -104.536795  -2895.930018
241000.000000  -100.298988  -2891.859485
241500.000000  -102.458548  -2886.573964
242000.000000  -107.211093  -2880.512817
242500.000000  -101.297986  -2874.127689
243000.000000  -101.702841  -2871.210352
243500.000000  -108.334721  -2863.992453
244000.000000  -103.467925  -2856.840193
244500.000000  -104.505163  -2842.896403
245000.000000  -102.274409  -2844.966894
245500.000000  -104.056466  -2843.641478
246000.000000  -102.639347  -2833.361459
246500.000000  -102.510826  -2826.291524
247000.000000  -105.902497  -2816.852588
247500.000000  -104.299202  -2814.504168
248000.000000  -103.295126  -2809.399266
248500.000000  -102.554776  -2805.587401
249000.000000  -102.576542  -2801.685835
249500.000000  -101.069543  -2794.979785
250000.000000  -103.302117  -2786.503976
250500.000000  -104.400720  -2778.377190
251000.000000  -102.533798  -2778.485334
251500.000000  -104.551782  -2771.697462
252000.000000  -102.724650  -2765.537392
252500.000000  -106.595256  -2759.741531
253000.000000  -108.262070  -2754.982862
253500.000000  -101.164039  -2749.464688
254000.000000  -105.055407  -2743.846653
254500.000000  -103.029253  -2741.624918
255000.000000  -103.714340  -2732.654758
255500.000000  -101.691994  -2728.717850
256000.000000  -97.921701  -2711.584762
256500.000000  -105.868531  -2714.743124
257000.000000  -104.153592  -2709.145084
257500.000000  -104.203675  -2703.179389
258000.000000  -103.548175  -2701.111942
258500.000000  -104.673283  -2694.143302
259000.000000  -105.650646  -2686.398540
259500.000000  -104.489585  -2681.938275
260000.000000  -104.670456  -2679.303911
260500.000000  -102.842136  -2676.142590
261000.000000  -104.734358  -2667.363965
261500.000000  -103.544009  -2659.396923
262000.000000  -102.832546  -2659.035375
262500.000000  -102.735039  -2656.745445
263000.000000  -105.920288  -2649.145973
263500.000000  -101.303049  -2644.530639
264000.000000  -101.726107  -2640.561272
264500.000000  -101.145222  -2637.532315
265000.000000  -104.919854  -2628.904885
265500.000000  -101.198064  -2627.648984
266000.000000  -104.411217  -2619.442900
266500.000000  -106.262472  -2616.881897
267000.000000  -101.856792  -2608.320144
267500.000000  -101.787303  -2609.505894
268000.000000  -103.726514  -2601.203839
268500.000000  -104.516395  -2593.170505
269000.000000  -107.708953  -2594.194814
269500.000000  -104.393999  -2587.242798
270000.000000  -103.299829  -2578.698437
270500.000000  -103.147055  -2574.234382
271000.000000  -103.717059  -2570.547729
271500.000000  -104.884952  -2564.939279
272000.000000  -104.815318  -2561.588899
272500.000000  -104.798546  -2555.624496
273000.000000  -102.865671  -2552.430772
273500.000000  -102.860258  -2546.366623
274000.000000  -104.932344  -2544.150516
274500.000000  -103.351657  -2540.648318
275000.000000  -105.528808  -2534.853392
275500.000000  -105.531631  -2526.008286
276000.000000  -103.886489  -2523.562541
276500.000000  -100.836091  -2522.204059
277000.000000  -104.293075  -2518.711468
277500.000000  -102.154775  -2511.656986
278000.000000  -103.556569  -2507.903428
278500.000000  -105.068964  -2498.912024
279000.000000  -102.157814  -2500.441370
279500.000000  -108.096776  -2489.505497
280000.000000  -104.184525  -2488.554034
280500.000000  -108.770579  -2479.907884
281000.000000  -103.554772  -2476.130579
281500.000000  -102.016857  -2474.145898
282000.000000  -107.689038  -2469.943407
282500.000000  -106.840170  -2466.211171
283000.000000  -102.628269  -2465.725298
283500.000000  -107.509522  -2456.814564
284000.000000  -105.387285  -2453.183806
284500.000000  -107.524041  -2448.191346
285000.000000  -103.983264  -2443.469284
285500.000000  -106.520493  -2439.605865
286000.000000  -104.581539  -2434.428351
286500.000000  -106.890262  -2430.314680
287000.000000  -104.649454  -2426.807844
287500.000000  -103.475655  -2423.042763
288000.000000  -104.995870  -2417.958473
288500.000000  -105.931260  -2410.200284
289000.000000  -103.227914  -2405.944301
289500.000000  -103.065981  -2401.716518
290000.000000  -105.320769  -2400.898178
290500.000000  -105.559904  -2402.441648
291000.000000  -104.954162  -2390.743473
291500.000000  -105.163211  -2386.940517
292000.000000  -104.022789  -2383.875812
292500.000000  -103.612494  -2381.961688
293000.000000  -105.060531  -2375.960005
293500.000000  -105.090968  -2369.516493
294000.000000  -104.550898  -2368.082799
294500.000000  -105.812574  -2363.671965
295000.000000  -106.111475  -2358.923103
295500.000000  -106.217673  -2352.958994
296000.000000  -104.333931  -2351.030895
296500.000000  -106.112916  -2345.197118
297000.000000  -105.530323  -2342.096076
297500.000000  -101.898371  -2343.529262
298000.000000  -105.217637  -2334.743144
298500.000000  -104.684463  -2333.468546
299000.000000  -101.528070  -2327.493905
299500.000000  -106.297572  -2323.790954
300000.000000  -101.860643  -2318.273097
300500.000000  -104.361159  -2318.148118
301000.000000  -105.079569  -2311.070987
301500.000000  -104.856994  -2309.529987
302000.000000  -105.822166  -2303.031993
302500.000000  -110.531349  -2301.036931
303000.000000  -104.137656  -2297.109297
303500.000000  -103.412009  -2294.595919
304000.000000  -104.855252  -2288.559211
304500.000000  -102.333535  -2287.262686
305000.000000  -104.067546  -2279.926439
305500.000000  -105.137663  -2277.791647
306000.000000  -104.887489  -2274.598488
306500.000000  -101.550577  -2272.431536
307000.000000  -106.364877  -2266.531688
307500.000000  -106.905857  -2259.180926
308000.000000  -104.637119  -2258.449428
308500.000000  -107.314902  -2254.059237
309000.000000  -103.588228  -2251.315524
309500.000000  -103.209304  -2245.568954
310000.000000  -105.268656  -2245.110792
310500.000000  -103.717674  -2242.317177
311000.000000  -102.993308  -2238.442571
311500.000000  -105.807118  -2230.884915
312000.000000  -105.183583  -2229.733140
312500.000000  -107.618164  -2223.972146
313000.000000  -104.269737  -2222.397491
313500.000000  -103.824264  -2222.725608
314000.000000  -104.795680  -2216.779307
314500.000000  -102.865632  -2214.124347
315000.000000  -103.858526  -2210.132439
315500.000000  -106.185910  -2203.499073
316000.000000  -103.556878  -2201.295510
316500.000000  -104.349139  -2195.540776
317000.000000  -104.568649  -2197.583898
317500.000000  -105.654529  -2191.069699
318000.000000  -105.072229  -2186.854088
318500.000000  -102.375541  -2186.115671
319000.000000  -106.935290  -2183.578567
319500.000000  -99.491256  -2177.520121
320000.000000  -104.899479  -2172.234473
320500.000000  -104.843492  -2170.572170
321000.000000  -104.248586  -2161.177120
321500.000000  -104.242112  -2164.618647
322000.000000  -102.590750  -2160.457629
322500.000000  -105.653676  -2158.762962
323000.000000  -103.202616  -2152.282355
323500.000000  -103.400017  -2146.554518
324000.000000  -103.969091  -2149.148770
324500.000000  -104.141467  -2140.753087
325000.000000  -107.018935  -2139.097407
325500.000000  -104.894572  -2135.428747
326000.000000  -108.604224  -2131.094166
326500.000000  -109.531229  -2130.108028
327000.000000  -106.378333  -2126.214117
327500.000000  -105.090975  -2124.905638
328000.000000  -104.262105  -2122.605700
328500.000000  -100.843287  -2117.748382
329000.000000  -105.727162  -2117.050470
329500.000000  -103.883366  -2111.917649
330000.000000  -104.546007  -2103.018710
330500.000000  -106.049935  -2100.539501
331000.000000  -106.661251  -2104.486657
331500.000000  -106.267161  -2097.401318
332000.000000  -104.463295  -2093.188845
332500.000000  -104.469133  -2092.944236
333000.000000  -105.640885  -2086.702213
333500.000000  -103.535438  -2086.205474
334000.000000  -104.293523  -2082.836217
334500.000000  -103.028994  -2077.224565
335000.000000  -105.081885  -2078.372692
335500.000000  -104.246255  -2072.685022
336000.000000  -105.764432  -2070.439004
336500.000000  -107.177986  -2064.807014
337000.000000  -106.320552  -2063.303731
337500.000000  -104.767688  -2057.652367
338000.000000  -104.916664  -2057.323070
338500.000000  -107.806611  -2054.468605
339000.000000  -105.541885  -2048.960302
339500.000000  -104.568016  -2045.149120
340000.000000  -103.227139  -2044.449998
340500.000000  -103.309471  -2042.447438
341000.000000  -99.725418  -2037.354213
341500.000000  -104.245028  -2026.913150
342000.000000  -104.268190  -2032.611610
342500.000000  -103.926057  -2029.062034
343000.000000  -106.155988  -2025.112478
343500.000000  -104.347281  -2026.223302
344000.000000  -105.199831  -2019.040022
344500.000000  -105.135747  -2017.697707
345000.000000  -106.227498  -2013.074919
345500.000000  -105.393723  -2007.465407
346000.000000  -105.790927  -2007.978234
346500.000000  -109.703102  -2004.704702
347000.000000  -105.815569  -1999.147820
347500.000000  -103.847910  -1996.863674
348000.000000  -105.404093  -1996.259753
348500.000000  -106.734902  -1993.611042
349000.000000  -106.344700  -1991.946920
349500.000000  -107.240511  -1987.771096
350000.000000  -105.769412  -1983.423944
350500.000000  -107.618718  -1983.356532
351000.000000  -105.179768  -1978.150434
351500.000000  -107.670055  -1975.173152
352000.000000  -104.623563  -1974.059922
352500.000000  -106.423101  -1974.193597
353000.000000  -106.823101  -1967.612722
353500.000000  -105.270545  -1964.333221
354000.000000  -105.861323  -1962.118986
354500.000000  -104.801973  -1959.119699
355000.000000  -104.674452  -1956.170011
355500.000000  -107.338379  -1953.596307
356000.000000  -104.333494  -1950.504416
356500.000000  -106.956404  -1948.780095
357000.000000  -105.644555  -1945.019368
357500.000000  -106.180066  -1941.279127
358000.000000  -105.147276  -1939.183545
358500.000000  -106.414343  -1938.001235
359000.000000  -104.916420  -1934.602279
359500.000000  -103.697385  -1929.806025
360000.000000  -105.801223  -1929.116175
360500.000000  -104.074519  -1927.300144
361000.000000  -106.465067  -1926.114726
361500.000000  -108.104210  -1919.385736
362000.000000  -105.890908  -1917.581996
362500.000000  -104.860007  -1916.975959
363000.000000  -105.127407  -1911.609671
363500.000000  -105.704011  -1910.761568
364000.000000  -104.874279  -1906.713002
364500.000000  -107.671009  -1903.938899
365000.000000  -104.847671  -1901.922387
365500.000000  -107.402752  -1897.365873
366000.000000  -105.137438  -1896.646587
366500.000000  -104.999562  -1895.954451
367000.000000  -104.921390  -1892.655524
367500.000000  -105.635785  -1887.237960
368000.000000  -105.396313  -1886.250922
368500.000000  -107.941455  -1883.276194
369000.000000  -105.273592  -1879.905533
369500.000000  -103.560963  -1875.201132
370000.000000  -105.136037  -1876.248092
370500.000000  -106.960532  -1871.759970
371000.000000  -106.739600  -1871.248614
371500.000000  -104.746056  -1868.354771
372000.000000  -106.336066  -1864.861685
372500.000000  -104.175964  -1861.620763
373000.000000  -105.652458  -1859.620289
373500.000000  -103.776914  -1858.520729
374000.000000  -105.685051  -1855.265428
374500.000000  -104.710405  -1852.297330
375000.000000  -105.313484  -1846.747946
375500.000000  -104.529250  -1848.696106
376000.000000  -105.134197  -1844.144190
376500.000000  -103.552770  -1842.927482
377000.000000  -106.131483  -1839.361114
377500.000000  -107.788161  -1835.735285
378000.000000  -105.192675  -1835.213239
378500.000000  -105.625403  -1833.704512
379000.000000  -104.951982  -1833.116267
379500.000000  -104.889904  -1826.815312
380000.000000  -105.097647  -1825.251563
380500.000000  -107.438807  -1821.351900
381000.000000  -105.243951  -1818.588092
381500.000000  -104.097261  -1817.905710
382000.000000  -105.573791  -1815.352235
382500.000000  -101.794043  -1811.330892
383000.000000  -105.943935  -1812.183929
383500.000000  -105.216624  -1806.868853
384000.000000  -107.197794  -1806.220206
384500.000000  -103.065933  -1804.831903
385000.000000  -104.498238  -1800.524384
385500.000000  -108.025430  -1796.294681
386000.000000  -105.201603  -1796.318423
386500.000000  -105.087938  -1793.422768
387000.000000  -105.086896  -1792.120613
387500.000000  -104.284234  -1788.533325
388000.000000  -105.018790  -1786.569683
388500.000000  -107.703548  -1784.102345
389000.000000  -105.917852  -1783.603351
389500.000000  -104.760338  -1778.961452
390000.000000  -105.424304  -1776.906621
390500.000000  -101.711648  -1774.105560
391000.000000  -106.312611  -1772.902190
391500.000000  -106.377947  -1771.858376
392000.000000  -105.736431  -1767.601726
392500.000000  -104.559195  -1767.369925
393000.000000  -105.592462  -1765.318317
393500.000000  -104.486383  -1761.158103
394000.000000  -103.699193  -1759.248675
394500.000000  -106.709843  -1754.497608
395000.000000  -105.298355  -1756.333092
395500.000000  -105.804884  -1750.702778
396000.000000  -105.362172  -1749.435433
396500.000000  -102.526763  -1748.423260
397000.000000  -105.114895  -1746.370536
397500.000000  -106.218870  -1742.967582
398000.000000  -104.566340  -1740.757851
398500.000000  -107.231810  -1739.110925
399000.000000  -103.890553  -1735.990839
399500.000000  -105.320665  -1732.598025
400000.000000  -104.954628  -1731.377942
400500.000000  -105.878181  -1728.578081
401000.000000  -105.519900  -1726.738294
401500.000000  -107.709547  -1724.722761
402000.000000  -105.163129  -1722.989917
402500.000000  -107.104183  -1722.065445
403000.000000  -104.743686  -1715.914533
403500.000000  -106.824476  -1715.160947
404000.000000  -105.395305  -1713.024601
404500.000000  -107.415173  -1708.332098
405000.000000  -105.663428  -1710.171428
405500.000000  -102.510356  -1709.135237
406000.000000  -104.354395  -1705.604719
406500.000000  -103.678128  -1703.998973
407000.000000  -103.338974  -1702.907917
407500.000000  -108.669333  -1700.362463
408000.000000  -105.098307  -1697.657827
408500.000000  -106.062698  -1692.700649
409000.000000  -105.749862  -1691.888137
409500.000000  -104.722162  -1691.454347
410000.000000  -105.266881  -1688.490629
410500.000000  -103.630036  -1687.140436
411000.000000  -105.820839  -1684.485383
411500.000000  -107.493945  -1685.097643
412000.000000  -106.144914  -1682.074757
412500.000000  -105.896808  -1675.955431
413000.000000  -106.033768  -1674.971502
413500.000000  -106.197178  -1675.827570
414000.000000  -105.496498  -1672.018072
414500.000000  -104.827439  -1669.289141
415000.000000  -105.391051  -1666.696916
415500.000000  -106.238891  -1663.545800
416000.000000  -105.346343  -1662.480582
416500.000000  -106.344218  -1657.635799
417000.000000  -104.422078  -1659.064936
417500.000000  -102.120423  -1658.419274
418000.000000  -101.584649  -1655.708964
418500.000000  -99.251011  -1658.908662
419000.000000  -105.074670  -1651.407910
419500.000000  -107.611609  -1646.911765
420000.000000  -106.333316  -1648.640559
420500.000000  -109.163011  -1643.675297
421000.000000  -106.185248  -1644.018133
421500.000000  -103.862189  -1642.244503
422000.000000  -104.416378  -1636.974465
422500.000000  -104.324274  -1638.556305
423000.000000  -106.145636  -1635.356731
423500.000000  -107.422963  -1629.696878
424000.000000  -106.327876  -1630.828214
424500.000000  -103.197760  -1628.914108
425000.000000  -105.538916  -1629.126466
425500.000000  -106.103660  -1627.186297
426000.000000  -104.788815  -1623.798767
426500.000000  -107.303038  -1620.800433
427000.000000  -104.040864  -1618.150526
427500.000000  -103.496016  -1616.028643
428000.000000  -105.583233  -1614.634702
428500.000000  -104.987049  -1612.927001
429000.000000  -104.130192  -1609.790716
429500.000000  -105.605093  -1608.665686
430000.000000  -104.454981  -1609.196124
430500.000000  -106.051285  -1605.717237
431000.000000  -105.325921  -1603.592087
431500.000000  -104.000920  -1603.661824
432000.000000  -105.144850  -1599.545862
432500.000000  -104.281541  -1599.016305
433000.000000  -105.315259  -1593.701051
433500.000000  -102.925616  -1593.330103
434000.000000  -105.054109  -1591.398963
434500.000000  -103.107083  -1590.162952
435000.000000  -105.838636  -1588.843482
435500.000000  -106.979629  -1588.234426
436000.000000  -105.219444  -1584.576262
436500.000000  -107.759410  -1583.876858
437000.000000  -105.453050  -1579.958240
437500.000000  -103.211179  -1581.351619
438000.000000  -105.533245  -1575.635583
438500.000000  -102.862898  -1575.649152
439000.000000  -105.833578  -1573.760569
439500.000000  -106.448314  -1572.183131
440000.000000  -105.292698  -1570.923654
440500.000000  -104.060438  -1567.636679
441000.000000  -105.512828  -1566.689048
441500.000000  -104.148911  -1564.706906
442000.000000  -106.299266  -1563.099229
442500.000000  -106.196477  -1559.638786
443000.000000  -104.009062  -1558.753041
443500.000000  -102.539848  -1558.776171
444000.000000  -104.998342  -1555.699871
444500.000000  -101.510479  -1555.594763
445000.000000  -105.115940  -1553.175425
445500.000000  -105.579393  -1551.278768
446000.000000  -106.450886  -1546.800613
446500.000000  -105.633459  -1546.552830
447000.000000  -105.131684  -1543.744173
447500.000000  -106.716717  -1542.408978
448000.000000  -104.917689  -1540.239510
448500.000000  -107.040863  -1537.989742
449000.000000  -104.545431  -1537.788308
449500.000000  -105.297902  -1537.359748
450000.000000  -104.862854  -1533.256806
450500.000000  -105.016029  -1533.882578
451000.000000  -103.748238  -1530.235930
451500.000000  -103.399167  -1529.291745
452000.000000  -105.427274  -1526.166684
452500.000000  -103.102273  -1525.755427
453000.000000  -104.627404  -1525.158123
453500.000000  -106.688563  -1521.066134
454000.000000  -105.541030  -1518.973223
454500.000000  -105.444333  -1516.337196
455000.000000  -104.706147  -1514.254345
455500.000000  -104.538313  -1514.390234
456000.000000  -106.012030  -1511.431336
456500.000000  -105.299419  -1509.907146
457000.000000  -104.413985  -1512.171414
457500.000000  -107.163854  -1510.354044
458000.000000  -104.994214  -1505.871752
458500.000000  -106.619561  -1506.252364
459000.000000  -103.635889  -1501.932255
459500.000000  -101.848476  -1502.388541
460000.000000  -105.625357  -1498.744144
460500.000000  -102.683926  -1498.832692
461000.000000  -105.240551  -1497.048546
461500.000000  -105.529949  -1493.802678
462000.000000  -104.634149  -1492.317668
462500.000000  -107.145713  -1492.158142
463000.000000  -104.943469  -1488.784052
463500.000000  -106.565063  -1487.052931
464000.000000  -105.642780  -1486.730887
464500.000000  -103.876382  -1484.365967
465000.000000  -106.199527  -1483.058617
465500.000000  -107.433097  -1483.061764
466000.000000  -104.703549  -1479.510294
466500.000000  -105.826970  -1477.713886
467000.000000  -104.188677  -1476.706448
467500.000000  -104.291294  -1475.283167
468000.000000  -104.533931  -1473.335482
468500.000000  -106.334513  -1472.342693
469000.000000  -105.013693  -1467.080654
469500.000000  -102.353375  -1468.543696
470000.000000  -103.478843  -1467.329410
470500.000000  -105.891421  -1465.614524
471000.000000  -104.035579  -1462.467859
471500.000000  -103.459975  -1459.309074
472000.000000  -105.468205  -1459.240733
472500.000000  -102.489050  -1459.151510
473000.000000  -105.496684  -1456.579985
473500.000000  -104.795784  -1453.117074
474000.000000  -103.765214  -1453.871642
474500.000000  -103.909714  -1451.095789
475000.000000  -104.696133  -1450.613506
475500.000000  -105.715074  -1448.600038
476000.000000  -103.661469  -1447.023463
476500.000000  -103.444126  -1443.046707
477000.000000  -104.624256  -1443.700462
477500.000000  -106.761725  -1442.397498
478000.000000  -104.878029  -1440.303502
478500.000000  -103.556004  -1438.904359
479000.000000  -105.874006  -1438.549141
479500.000000  -105.703491  -1435.426766
480000.000000  -104.521304  -1435.197659
480500.000000  -105.957218  -1432.909424
481000.000000  -104.399434  -1431.121080
481500.000000  -104.678832  -1430.786701
482000.000000  -106.125938  -1428.597849
482500.000000  -106.153665  -1426.784346
483000.000000  -105.865810  -1427.082388
483500.000000  -104.837174  -1425.161830
484000.000000  -103.528895  -1422.206146
484500.000000  -104.968524  -1422.502617
485000.000000  -104.345715  -1419.590941
485500.000000  -103.884373  -1418.801569
486000.000000  -104.399607  -1416.273106
486500.000000  -106.017407  -1416.399425
487000.000000  -104.554698  -1413.131603
487500.000000  -102.445608  -1412.543943
488000.000000  -105.659029  -1411.215814
488500.000000  -104.604277  -1410.415240
489000.000000  -104.076366  -1406.983906
489500.000000  -105.359654  -1405.216125
490000.000000  -104.791577  -1404.802994
490500.000000  -103.651024  -1403.433888
491000.000000  -105.220293  -1399.676602
491500.000000  -103.302782  -1397.816826
492000.000000  -104.358111  -1398.978658
492500.000000  -102.715837  -1396.512660
493000.000000  -105.417354  -1394.963898
493500.000000  -105.436806  -1392.271010
494000.000000  -105.005959  -1392.855149
494500.000000  -104.670737  -1393.024210
495000.000000  -105.691895  -1388.942302
495500.000000  -103.486544  -1387.349972
496000.000000  -103.196891  -1386.715234
496500.000000  -103.420654  -1385.582715
497000.000000  -104.813305  -1383.861821
497500.000000  -103.882203  -1382.641424
498000.000000  -104.620933  -1381.098330
498500.000000  -103.298735  -1380.385608
499000.000000  -105.435413  -1378.205198
499500.000000  -104.532743  -1374.757841
500000.000000  -104.309871  -1375.208822
