1000.000000  8264.220000  -0.546701
1500.000000  8271.860000  -15.704400
2000.000000  8282.410000  -14.562200
2500.000000  8280.590000  -7.726750
3000.000000  8280.200000  -14.440400
3500.000000  8269.080000  5.070210
4000.000000  8259.300000  20.382200
4500.000000  8273.210000  -8.457770
5000.000000  8275.610000  -11.869500
5500.000000  8253.140000  -21.800500
6000.000000  8262.390000  0.803394
6500.000000  8275.080000  -24.257600
7000.000000  8280.420000  -25.409700
7500.000000  8264.830000  -10.757600
8000.000000  8284.190000  10.682600
8500.000000  8284.400000  -19.214000
9000.000000  8251.600000  -6.032310
9500.000000  8263.950000  -4.729570
10000.000000  8161.060000  -1002.810000
10500.000000  8135.320000  -1026.310000
11000.000000  8117.700000  -1089.940000
11500.000000  8127.340000  -1119.150000
12000.000000  8131.230000  -1177.860000
12500.000000  8105.950000  -1217.950000
13000.000000  8112.480000  -1289.410000
13500.000000  8044.260000  -1302.350000
14000.000000  8035.720000  -1343.190000
14500.000000  8023.530000  -1429.220000
15000.000000  8022.780000  -1453.120000
15500.000000  8001.610000  -1506.020000
16000.000000  7988.960000  -1547.540000
16500.000000  7952.500000  -1617.340000
17000.000000  7951.570000  -1654.380000
17500.000000  7929.830000  -1628.300000
18000.000000  7920.730000  -1723.470000
18500.000000  7889.050000  -1738.880000
19000.000000  7857.650000  -1807.280000
19500.000000  7844.340000  -1849.000000
20000.000000  7820.060000  -1915.910000
20500.000000  7798.980000  -1953.470000
21000.000000  7742.320000  -1977.550000
21500.000000  7770.340000  -2022.090000
22000.000000  7737.610000  -2051.180000
22500.000000  7712.860000  -2086.880000
23000.000000  7692.410000  -2131.080000
23500.000000  7671.000000  -2167.700000
24000.000000  7644.610000  -2219.920000
24500.000000  7625.360000  -2250.230000
25000.000000  7578.780000  -2299.720000
25500.000000  7571.640000  -2329.690000
26000.000000  7542.400000  -2356.120000
26500.000000  7519.200000  -2419.230000
27000.000000  7491.000000  -2463.130000
27500.000000  7473.790000  -2486.580000
28000.000000  7442.240000  -2542.690000
28500.000000  7403.480000  -2580.160000
29000.000000  7366.980000  -2592.210000
29500.000000  7355.260000  -2629.320000
30000.000000  7325.590000  -2666.260000
30500.000000  7284.860000  -2701.930000
31000.000000  7282.840000  -2728.870000
31500.000000  7246.730000  -2755.820000
32000.000000  7210.760000  -2813.280000
32500.000000  7200.110000  -2838.230000
33000.000000  7142.960000  -2863.400000
33500.000000  7124.590000  -2912.130000
34000.000000  7100.070000  -2937.660000
34500.000000  7075.600000  -2967.600000
35000.000000  7023.730000  -2987.620000
35500.000000  7005.280000  -3031.690000
36000.000000  6961.250000  -3040.340000
36500.000000  6929.160000  -3069.900000
37000.000000  6919.340000  -3107.860000
37500.000000  6890.310000  -3147.630000
38000.000000  6855.690000  -3153.940000
38500.000000  6817.590000  -3195.540000
39000.000000  6773.600000  -3217.600000
39500.000000  6767.160000  -3250.230000
40000.000000  6725.500000  -3264.830000
40500.000000  6686.220000  -3286.500000
41000.000000  6656.500000  -3329.380000
41500.000000  6628.950000  -3351.770000
42000.000000  6597.370000  -3360.330000
42500.000000  6572.610000  -3405.820000
43000.000000  6536.050000  -3409.810000
43500.000000  6507.260000  -3425.130000
44000.000000  6469.730000  -3463.650000
44500.000000  6431.400000  -3491.150000
45000.000000  6394.760000  -3499.120000
45500.000000  6382.790000  -3544.010000
46000.000000  6333.320000  -3554.300000
46500.000000  6319.760000  -3566.610000
47000.000000  6270.930000  -3536.580000
47500.000000  6221.470000  -3593.360000
48000.000000  6210.000000  -3623.160000
48500.000000  6177.170000  -3663.150000
49000.000000  6148.310000  -3667.070000
49500.000000  6094.460000  -3703.750000
50000.000000  6087.540000  -3700.630000
50500.000000  6061.150000  -3716.490000
51000.000000  6018.410000  -3739.920000
51500.000000  5985.660000  -3761.550000
52000.000000  5936.780000  -3774.950000
52500.000000  5924.340000  -3781.410000
53000.000000  5885.670000  -3802.890000
53500.000000  5870.280000  -3830.880000
54000.000000  5837.450000  -3832.400000
54500.000000  5788.700000  -3847.570000
55000.000000  5758.020000  -3863.140000
55500.000000  5743.460000  -3877.680000
56000.000000  5723.940000  -3890.940000
56500.000000  5673.580000  -3909.670000
57000.000000  5628.590000  -3921.540000
57500.000000  5598.180000  -3938.880000
58000.000000  5580.340000  -3942.990000
58500.000000  5545.180000  -3957.150000
59000.000000  5513.460000  -3968.700000
59500.000000  5495.490000  -3964.410000
60000.000000  5445.950000  -3981.280000
60500.000000  5398.040000  -3987.590000
61000.000000  5381.290000  -4010.910000
61500.000000  5361.900000  -4029.390000
62000.000000  5320.180000  -4034.850000
62500.000000  5298.170000  -4054.910000
63000.000000  5250.750000  -4053.010000
63500.000000  5245.970000  -4052.610000
64000.000000  5209.710000  -4087.930000
64500.000000  5170.280000  -4076.260000
65000.000000  5150.070000  -4090.380000
65500.000000  5096.630000  -4091.180000
66000.000000  5067.610000  -4101.860000
66500.000000  5065.090000  -4110.860000
67000.000000  5009.990000  -4120.990000
67500.000000  4988.020000  -4126.130000
68000.000000  4962.120000  -4143.040000
68500.000000  4926.570000  -4146.990000
69000.000000  4889.870000  -4142.240000
69500.000000  4899.750000  -4150.940000
70000.000000  4850.430000  -4157.320000
70500.000000  4817.200000  -4160.640000
71000.000000  4789.350000  -4157.230000
71500.000000  4753.080000  -4157.060000
72000.000000  4730.690000  -4169.790000
72500.000000  4692.770000  -4174.930000
73000.000000  4670.060000  -4181.840000
73500.000000  4650.220000  -4194.360000
74000.000000  4618.190000  -4187.960000
74500.000000  4594.990000  -4191.810000
75000.000000  4555.720000  -4197.450000
75500.000000  4534.380000  -4193.540000
76000.000000  4504.970000  -4208.260000
76500.000000  4449.230000  -4210.790000
77000.000000  4447.020000  -4211.350000
77500.000000  4433.770000  -4217.490000
78000.000000  4398.240000  -4215.910000
78500.000000  4370.730000  -4220.610000
79000.000000  4344.210000  -4215.600000
79500.000000  4320.580000  -4224.110000
80000.000000  4284.260000  -4221.190000
80500.000000  4271.760000  -4219.220000
81000.000000  4238.060000  -4224.860000
81500.000000  4206.400000  -4222.040000
82000.000000  4187.820000  -4248.390000
82500.000000  4152.660000  -4242.490000
83000.000000  4145.130000  -4237.050000
83500.000000  4112.880000  -4221.130000
84000.000000  4089.770000  -4226.960000
84500.000000  4058.280000  -4229.370000
85000.000000  4037.540000  -4237.390000
85500.000000  4023.610000  -4243.320000
86000.000000  3983.960000  -4222.050000
86500.000000  3966.190000  -4222.080000
87000.000000  3942.240000  -4228.570000
87500.000000  3918.100000  -4243.550000
88000.000000  3877.650000  -4252.200000
88500.000000  3869.020000  -4205.820000
89000.000000  3854.920000  -4231.400000
89500.000000  3820.510000  -4230.930000
90000.000000  3807.630000  -4223.860000
90500.000000  3779.700000  -4219.090000
91000.000000  3751.300000  -4222.530000
91500.000000  3722.030000  -4211.760000
92000.000000  3713.210000  -4218.560000
92500.000000  3695.970000  -4211.880000
93000.000000  3666.350000  -4212.840000
93500.000000  3643.490000  -4217.090000
94000.000000  3611.860000  -4208.140000
94500.000000  3589.280000  -4190.020000
95000.000000  3567.240000  -4196.280000
95500.000000  3565.450000  -4205.020000
96000.000000  3538.740000  -4203.260000
96500.000000  3512.060000  -4191.340000
97000.000000  3494.290000  -4191.440000
97500.000000  3471.830000  -4191.310000
98000.000000  3443.090000  -4182.100000
98500.000000  3434.390000  -4185.570000
99000.000000  3401.540000  -4175.190000
99500.000000  3382.410000  -4170.390000
100000.000000  3363.200000  -4175.430000
100500.000000  3363.270000  -4121.990000
101000.000000  3328.830000  -4116.530000
101500.000000  3322.480000  -4098.450000
102000.000000  3303.300000  -4103.360000
102500.000000  3294.690000  -4094.240000
103000.000000  3265.470000  -4093.260000
103500.000000  3251.400000  -4100.630000
104000.000000  3223.870000  -4081.590000
104500.000000  3197.770000  -4085.330000
105000.000000  3185.170000  -4079.510000
105500.000000  3167.790000  -4080.650000
106000.000000  3148.460000  -4073.190000
106500.000000  3141.790000  -4065.130000
107000.000000  3119.630000  -4064.160000
107500.000000  3102.930000  -4059.670000
108000.000000  3078.050000  -4053.020000
108500.000000  3067.690000  -4050.690000
109000.000000  3037.850000  -4054.260000
109500.000000  3010.580000  -4035.660000
110000.000000  3005.610000  -4037.100000
110500.000000  2991.540000  -4033.780000
111000.000000  2967.290000  -4030.540000
111500.000000  2948.580000  -4016.240000
112000.000000  2946.490000  -4013.660000
112500.000000  2922.590000  -4006.790000
113000.000000  2904.470000  -4005.160000
113500.000000  2875.990000  -3999.380000
114000.000000  2867.450000  -3993.240000
114500.000000  2853.580000  -3982.470000
115000.000000  2833.150000  -3987.400000
115500.000000  2815.190000  -3975.720000
116000.000000  2806.020000  -3978.560000
116500.000000  2784.200000  -3961.630000
117000.000000  2771.640000  -3968.660000
117500.000000  2757.630000  -3966.980000
118000.000000  2740.210000  -3954.670000
118500.000000  2735.540000  -3945.880000
119000.000000  2713.300000  -3947.280000
119500.000000  2687.090000  -3945.250000
120000.000000  2677.750000  -3930.670000
120500.000000  2656.990000  -3931.720000
121000.000000  2646.900000  -3928.810000
121500.000000  2637.540000  -3917.850000
122000.000000  2612.980000  -3910.640000
122500.000000  2598.030000  -3911.900000
123000.000000  2584.930000  -3903.960000
123500.000000  2571.410000  -3891.180000
124000.000000  2556.490000  -3891.520000
124500.000000  2545.950000  -3878.410000
125000.000000  2520.590000  -3880.980000
125500.000000  2520.440000  -3871.140000
126000.000000  2501.980000  -3860.590000
126500.000000  2483.100000  -3863.730000
127000.000000  2479.880000  -3854.630000
127500.000000  2453.020000  -3861.160000
128000.000000  2440.820000  -3837.350000
128500.000000  2424.810000  -3840.710000
129000.000000  2411.690000  -3828.770000
129500.000000  2409.120000  -3829.470000
130000.000000  2385.300000  -3822.750000
130500.000000  2367.590000  -3814.810000
131000.000000  2355.440000  -3806.980000
131500.000000  2356.680000  -3804.780000
132000.000000  2328.260000  -3797.540000
132500.000000  2325.780000  -3794.300000
133000.000000  2308.790000  -3782.910000
133500.000000  2287.730000  -3776.900000
134000.000000  2281.840000  -3771.160000
134500.000000  2277.000000  -3766.140000
135000.000000  2260.650000  -3765.800000
135500.000000  2233.260000  -3751.580000
136000.000000  2233.130000  -3747.210000
136500.000000  2215.510000  -3748.070000
137000.000000  2201.580000  -3725.820000
137500.000000  2195.630000  -3729.920000
138000.000000  2184.670000  -3721.410000
138500.000000  2167.410000  -3709.480000
139000.000000  2163.310000  -3713.660000
139500.000000  2143.130000  -3705.220000
140000.000000  2123.790000  -3701.940000
140500.000000  2116.350000  -3706.160000
141000.000000  2118.100000  -3669.250000
141500.000000  2085.870000  -3663.180000
142000.000000  2091.280000  -3669.240000
142500.000000  2088.630000  -3669.830000
143000.000000  2069.580000  -3661.820000
143500.000000  2062.750000  -3658.290000
144000.000000  2044.740000  -3648.230000
144500.000000  2031.460000  -3650.250000
145000.000000  2014.690000  -3632.400000
145500.000000  2014.070000  -3631.060000
146000.000000  1997.770000  -3626.900000
146500.000000  1998.770000  -3623.210000
147000.000000  1981.000000  -3611.350000
147500.000000  1971.170000  -3606.370000
148000.000000  1953.920000  -3603.420000
148500.000000  1955.320000  -3598.500000
149000.000000  1933.850000  -3590.880000
149500.000000  1927.240000  -3583.280000
150000.000000  1917.400000  -3577.730000
150500.000000  1895.600000  -3578.050000
151000.000000  1895.570000  -3567.450000
151500.000000  1879.670000  -3559.390000
152000.000000  1881.330000  -3553.920000
152500.000000  1861.700000  -3544.400000
153000.000000  1855.810000  -3540.100000
153500.000000  1853.100000  -3526.410000
154000.000000  1841.100000  -3528.920000
154500.000000  1828.710000  -3526.710000
155000.000000  1816.130000  -3516.420000
155500.000000  1804.770000  -3510.570000
156000.000000  1793.270000  -3502.380000
156500.000000  1781.230000  -3498.910000
157000.000000  1783.490000  -3490.820000
157500.000000  1770.710000  -3485.780000
158000.000000  1761.480000  -3480.590000
158500.000000  1760.090000  -3478.640000
159000.000000  1748.460000  -3466.240000
159500.000000  1731.830000  -3461.330000
160000.000000  1725.400000  -3455.080000
160500.000000  1709.870000  -3453.960000
161000.000000  1704.520000  -3442.590000
161500.000000  1695.810000  -3439.610000
162000.000000  1690.520000  -3431.510000
162500.000000  1677.490000  -3424.320000
163000.000000  1667.130000  -3419.060000
163500.000000  1665.170000  -3413.250000
164000.000000  1663.530000  -3402.580000
164500.000000  1645.630000  -3396.450000
165000.000000  1638.440000  -3393.880000
165500.000000  1625.670000  -3386.740000
166000.000000  1623.050000  -3382.220000
166500.000000  1618.200000  -3375.990000
167000.000000  1604.730000  -3371.170000
167500.000000  1598.240000  -3365.790000
168000.000000  1589.840000  -3359.720000
168500.000000  1577.740000  -3351.930000
169000.000000  1576.450000  -3345.080000
169500.000000  1567.850000  -3339.700000
170000.000000  1555.230000  -3333.090000
170500.000000  1548.390000  -3328.420000
171000.000000  1545.260000  -3324.830000
171500.000000  1525.770000  -3316.090000
172000.000000  1525.800000  -3309.550000
172500.000000  1520.590000  -3304.430000
173000.000000  1512.350000  -3305.480000
173500.000000  1499.840000  -3294.840000
174000.000000  1493.600000  -3288.190000
174500.000000  1487.100000  -3282.810000
175000.000000  1480.950000  -3276.890000
175500.000000  1478.360000  -3268.810000
176000.000000  1468.280000  -3265.790000
176500.000000  1455.580000  -3254.630000
177000.000000  1455.460000  -3254.440000
177500.000000  1441.180000  -3248.060000
178000.000000  1437.760000  -3240.060000
178500.000000  1428.370000  -3237.170000
179000.000000  1424.240000  -3228.190000
179500.000000  1411.730000  -3228.170000
180000.000000  1412.650000  -3221.620000
180500.000000  1405.830000  -3216.060000
181000.000000  1395.150000  -3208.720000
181500.000000  1390.930000  -3204.130000
182000.000000  1383.030000  -3194.670000
182500.000000  1373.500000  -3192.100000
183000.000000  1366.440000  -3185.070000
183500.000000  1367.730000  -3176.610000
184000.000000  1357.820000  -3170.480000
184500.000000  1343.600000  -3164.810000
185000.000000  1341.450000  -3162.990000
185500.000000  1341.920000  -3158.230000
186000.000000  1329.940000  -3150.390000
186500.000000  1322.260000  -3142.530000
187000.000000  1317.870000  -3139.780000
187500.000000  1309.430000  -3137.350000
188000.000000  1305.790000  -3128.890000
188500.000000  1299.700000  -3124.430000
189000.000000  1291.620000  -3121.070000
189500.000000  1285.670000  -3108.060000
190000.000000  1279.980000  -3105.590000
190500.000000  1278.970000  -3100.740000
191000.000000  1266.890000  -3097.500000
191500.000000  1257.900000  -3088.430000
192000.000000  1253.850000  -3084.580000
192500.000000  1253.020000  -3082.590000
193000.000000  1244.830000  -3075.360000
193500.000000  1233.530000  -3064.110000
194000.000000  1230.210000  -3068.380000
194500.000000  1224.210000  -3055.010000
195000.000000  1224.070000  -3053.660000
195500.000000  1210.930000  -3047.760000
196000.000000  1207.250000  -3041.000000
196500.000000  1199.130000  -3036.940000
197000.000000  1197.410000  -3031.400000
197500.000000  1187.270000  -3030.320000
198000.000000  1188.100000  -3021.350000
198500.000000  1177.300000  -3019.240000
199000.000000  1176.310000  -3009.600000
199500.000000  1167.570000  -3004.800000
200000.000000  1163.450000  -3001.470000
200500.000000  1159.940000  -2992.160000
201000.000000  1157.760000  -2992.850000
201500.000000  1145.240000  -2983.810000
202000.000000  1144.410000  -2977.880000
202500.000000  1132.090000  -2974.570000
203000.000000  1131.530000  -2968.530000
203500.000000  1128.900000  -2962.060000
204000.000000  1121.980000  -2956.870000
204500.000000  1114.310000  -2949.770000
205000.000000  1111.360000  -2945.610000
205500.000000  1105.180000  -2943.930000
206000.000000  1104.730000  -2937.720000
206500.000000  1095.370000  -2928.960000
207000.000000  1091.070000  -2929.500000
207500.000000  1085.320000  -2923.840000
208000.000000  1081.970000  -2915.850000
208500.000000  1074.610000  -2914.630000
209000.000000  1069.690000  -2903.470000
209500.000000  1064.990000  -2899.510000
210000.000000  1063.080000  -2897.220000
210500.000000  1051.740000  -2895.110000
211000.000000  1052.640000  -2884.560000
211500.000000  1050.400000  -2877.570000
212000.000000  1045.140000  -2878.270000
212500.000000  1041.900000  -2873.360000
213000.000000  1029.550000  -2864.510000
213500.000000  1031.630000  -2863.080000
214000.000000  1025.980000  -2859.210000
214500.000000  1014.840000  -2852.090000
215000.000000  1017.850000  -2846.080000
215500.000000  1013.890000  -2842.460000
216000.000000  1005.810000  -2837.370000
216500.000000  1006.220000  -2832.380000
217000.000000  998.548000  -2827.460000
217500.000000  995.600000  -2824.400000
218000.000000  991.471000  -2818.700000
218500.000000  988.968000  -2812.490000
219000.000000  981.676000  -2808.510000
219500.000000  979.965000  -2801.310000
220000.000000  975.252000  -2796.810000
220500.000000  962.162000  -2799.210000
221000.000000  958.011000  -2786.760000
221500.000000  963.158000  -2782.700000
222000.000000  954.768000  -2781.390000
222500.000000  951.940000  -2774.480000
223000.000000  948.221000  -2771.380000
223500.000000  939.570000  -2766.970000
224000.000000  938.874000  -2761.230000
224500.000000  934.826000  -2758.710000
225000.000000  930.227000  -2748.650000
225500.000000  931.553000  -2747.000000
226000.000000  922.943000  -2742.640000
226500.000000  923.578000  -2743.890000
227000.000000  914.627000  -2733.440000
227500.000000  914.368000  -2731.200000
228000.000000  906.779000  -2723.880000
228500.000000  902.525000  -2718.580000
229000.000000  897.290000  -2719.400000
229500.000000  898.433000  -2714.040000
230000.000000  890.616000  -2707.970000
230500.000000  886.974000  -2702.200000
231000.000000  883.911000  -2697.410000
231500.000000  878.531000  -2694.050000
232000.000000  877.026000  -2692.050000
232500.000000  870.353000  -2688.310000
233000.000000  869.942000  -2677.950000
233500.000000  866.366000  -2677.660000
234000.000000  858.259000  -2677.460000
234500.000000  850.544000  -2674.180000
235000.000000  857.392000  -2662.280000
235500.000000  853.888000  -2666.640000
236000.000000  846.716000  -2651.060000
236500.000000  846.327000  -2651.520000
237000.000000  844.481000  -2644.320000
237500.000000  831.052000  -2647.060000
238000.000000  839.907000  -2636.560000
238500.000000  821.590000  -2630.790000
239000.000000  825.967000  -2627.000000
239500.000000  826.649000  -2621.470000
240000.000000  818.168000  -2621.050000
240500.000000  816.273000  -2613.050000
241000.000000  810.767000  -2613.370000
241500.000000  811.113000  -2606.950000
242000.000000  805.511000  -2602.250000
242500.000000  804.386000  -2597.040000
243000.000000  801.962000  -2594.660000
243500.000000  792.247000  -2590.130000
244000.000000  789.883000  -2586.220000
244500.000000  786.030000  -2579.770000
245000.000000  785.897000  -2577.920000
245500.000000  783.661000  -2576.390000
246000.000000  780.296000  -2567.370000
246500.000000  774.889000  -2563.510000
247000.000000  769.125000  -2560.220000
247500.000000  768.844000  -2555.750000
248000.000000  764.586000  -2551.680000
248500.000000  761.334000  -2550.940000
249000.000000  755.061000  -2545.340000
249500.000000  757.968000  -2540.920000
250000.000000  752.305000  -2535.850000
250500.000000  748.438000  -2526.800000
251000.000000  747.254000  -2530.110000
251500.000000  744.085000  -2522.610000
252000.000000  741.489000  -2519.340000
252500.000000  737.536000  -2518.050000
253000.000000  734.763000  -2513.490000
253500.000000  731.743000  -2506.640000
254000.000000  729.389000  -2502.890000
254500.000000  728.879000  -2502.120000
255000.000000  723.574000  -2494.280000
255500.000000  722.765000  -2491.000000
256000.000000  719.308000  -2481.400000
256500.000000  712.990000  -2481.850000
257000.000000  709.172000  -2478.700000
257500.000000  710.204000  -2475.520000
258000.000000  705.442000  -2471.530000
258500.000000  702.818000  -2467.430000
259000.000000  698.915000  -2460.620000
259500.000000  694.695000  -2459.900000
260000.000000  694.078000  -2455.290000
260500.000000  690.484000  -2453.170000
261000.000000  686.127000  -2446.850000
261500.000000  684.444000  -2442.050000
262000.000000  683.318000  -2441.090000
262500.000000  681.623000  -2439.720000
263000.000000  677.858000  -2434.060000
263500.000000  677.702000  -2430.340000
264000.000000  672.324000  -2426.980000
264500.000000  671.758000  -2420.720000
265000.000000  668.921000  -2419.900000
265500.000000  668.321000  -2417.270000
266000.000000  659.272000  -2410.930000
266500.000000  657.179000  -2409.160000
267000.000000  657.851000  -2402.840000
267500.000000  656.652000  -2401.510000
268000.000000  652.918000  -2396.770000
268500.000000  647.155000  -2391.880000
269000.000000  644.320000  -2390.960000
269500.000000  644.801000  -2386.460000
270000.000000  640.470000  -2381.550000
270500.000000  641.600000  -2376.820000
271000.000000  636.378000  -2374.040000
271500.000000  634.719000  -2368.920000
272000.000000  631.186000  -2365.610000
272500.000000  626.806000  -2362.610000
273000.000000  626.136000  -2358.890000
273500.000000  622.672000  -2356.320000
274000.000000  620.385000  -2353.110000
274500.000000  619.691000  -2349.540000
275000.000000  615.233000  -2348.010000
275500.000000  611.275000  -2341.150000
276000.000000  610.474000  -2339.020000
276500.000000  612.270000  -2335.370000
277000.000000  606.671000  -2334.450000
277500.000000  606.463000  -2328.570000
278000.000000  603.121000  -2321.240000
278500.000000  597.646000  -2318.610000
279000.000000  600.464000  -2316.700000
279500.000000  591.101000  -2315.640000
280000.000000  593.901000  -2311.380000
280500.000000  588.614000  -2306.680000
281000.000000  586.777000  -2303.270000
281500.000000  587.803000  -2298.000000
282000.000000  583.840000  -2295.350000
282500.000000  579.797000  -2293.070000
283000.000000  579.722000  -2288.820000
283500.000000  574.349000  -2287.080000
284000.000000  574.714000  -2281.310000
284500.000000  570.351000  -2280.560000
285000.000000  569.266000  -2274.990000
285500.000000  568.962000  -2273.860000
286000.000000  566.835000  -2268.420000
286500.000000  563.353000  -2265.310000
287000.000000  561.506000  -2261.520000
287500.000000  560.423000  -2258.100000
288000.000000  558.343000  -2254.840000
288500.000000  553.861000  -2251.500000
289000.000000  551.863000  -2245.830000
289500.000000  551.374000  -2241.860000
290000.000000  551.152000  -2241.920000
290500.000000  549.111000  -2242.250000
291000.000000  542.994000  -2235.770000
291500.000000  540.472000  -2231.720000
292000.000000  541.219000  -2227.260000
292500.000000  537.879000  -2227.530000
293000.000000  536.089000  -2222.990000
293500.000000  530.985000  -2217.960000
294000.000000  533.217000  -2216.500000
294500.000000  529.514000  -2214.000000
295000.000000  528.788000  -2210.400000
295500.000000  525.678000  -2205.420000
296000.000000  523.488000  -2203.160000
296500.000000  522.118000  -2198.130000
297000.000000  520.030000  -2194.450000
297500.000000  521.572000  -2194.500000
298000.000000  517.506000  -2189.850000
298500.000000  517.088000  -2187.070000
299000.000000  513.853000  -2183.250000
299500.000000  511.846000  -2183.650000
300000.000000  509.793000  -2177.110000
300500.000000  508.339000  -2175.760000
301000.000000  506.928000  -2170.060000
301500.000000  502.572000  -2168.660000
302000.000000  500.472000  -2164.260000
302500.000000  498.293000  -2162.390000
303000.000000  498.864000  -2159.150000
303500.000000  498.496000  -2156.380000
304000.000000  493.391000  -2152.290000
304500.000000  496.222000  -2149.070000
305000.000000  490.444000  -2144.950000
305500.000000  488.377000  -2144.410000
306000.000000  487.903000  -2139.270000
306500.000000  489.831000  -2138.080000
307000.000000  482.565000  -2134.800000
307500.000000  478.350000  -2128.500000
308000.000000  479.230000  -2127.460000
308500.000000  475.433000  -2126.920000
309000.000000  478.133000  -2123.430000
309500.000000  477.362000  -2117.270000
310000.000000  475.082000  -2116.020000
310500.000000  474.544000  -2113.620000
311000.000000  470.537000  -2111.050000
311500.000000  465.413000  -2105.460000
312000.000000  464.035000  -2103.750000
312500.000000  462.341000  -2099.760000
313000.000000  461.113000  -2098.000000
313500.000000  463.670000  -2096.690000
314000.000000  458.956000  -2093.250000
314500.000000  458.106000  -2088.530000
315000.000000  455.561000  -2084.950000
315500.000000  454.653000  -2084.270000
316000.000000  450.719000  -2084.980000
316500.000000  448.220000  -2079.790000
317000.000000  449.125000  -2077.750000
317500.000000  446.890000  -2073.630000
318000.000000  445.616000  -2069.160000
318500.000000  446.412000  -2066.490000
319000.000000  442.242000  -2064.680000
319500.000000  443.420000  -2062.260000
320000.000000  437.888000  -2057.350000
320500.000000  439.754000  -2051.830000
321000.000000  435.754000  -2052.930000
321500.000000  431.988000  -2047.150000
322000.000000  433.041000  -2047.130000
322500.000000  432.134000  -2047.970000
323000.000000  428.450000  -2039.390000
323500.000000  427.204000  -2037.350000
324000.000000  426.684000  -2036.050000
324500.000000  423.048000  -2031.360000
325000.000000  424.310000  -2027.150000
325500.000000  416.596000  -2025.510000
326000.000000  421.338000  -2024.760000
326500.000000  417.071000  -2024.220000
327000.000000  416.532000  -2017.900000
327500.000000  415.364000  -2016.850000
328000.000000  415.925000  -2013.410000
328500.000000  418.114000  -2011.070000
329000.000000  411.120000  -2009.800000
329500.000000  411.084000  -2004.910000
330000.000000  407.963000  -2002.180000
330500.000000  405.153000  -1996.390000
331000.000000  404.212000  -1997.630000
331500.000000  403.262000  -1993.270000
332000.000000  402.134000  -1991.410000
332500.000000  402.338000  -1988.850000
333000.000000  398.534000  -1985.970000
333500.000000  400.216000  -1984.450000
334000.000000  396.927000  -1981.410000
334500.000000  397.155000  -1975.140000
335000.000000  394.277000  -1977.890000
335500.000000  393.399000  -1973.960000
336000.000000  390.370000  -1969.590000
336500.000000  388.658000  -1965.480000
337000.000000  389.072000  -1965.260000
337500.000000  386.207000  -1960.340000
338000.000000  385.619000  -1959.190000
338500.000000  382.614000  -1958.410000
339000.000000  383.159000  -1953.670000
339500.000000  381.866000  -1950.590000
340000.000000  380.667000  -1949.370000
340500.000000  380.481000  -1946.770000
341000.000000  383.157000  -1940.860000
341500.000000  375.261000  -1933.850000
342000.000000  374.434000  -1938.740000
342500.000000  373.325000  -1935.810000
343000.000000  369.993000  -1933.850000
343500.000000  372.441000  -1932.440000
344000.000000  368.995000  -1928.390000
344500.000000  368.241000  -1925.280000
345000.000000  363.463000  -1922.910000
345500.000000  364.095000  -1919.870000
346000.000000  364.659000  -1917.510000
346500.000000  360.056000  -1916.120000
347000.000000  361.940000  -1912.990000
347500.000000  361.991000  -1909.980000
348000.000000  359.251000  -1908.410000
348500.000000  356.678000  -1907.020000
349000.000000  356.641000  -1903.690000
349500.000000  354.574000  -1901.040000
350000.000000  353.280000  -1898.410000
350500.000000  350.533000  -1897.320000
351000.000000  350.645000  -1892.580000
351500.000000  346.435000  -1891.460000
352000.000000  349.290000  -1889.010000
352500.000000  347.768000  -1889.790000
353000.000000  345.474000  -1883.210000
353500.000000  345.593000  -1882.080000
354000.000000  344.607000  -1878.160000
354500.000000  344.054000  -1876.300000
355000.000000  340.690000  -1873.110000
355500.000000  338.470000  -1872.920000
356000.000000  340.027000  -1870.060000
356500.000000  336.762000  -1867.480000
357000.000000  335.838000  -1863.430000
357500.000000  334.472000  -1861.130000
358000.000000  334.345000  -1859.250000
358500.000000  332.543000  -1858.840000
359000.000000  332.345000  -1854.480000
359500.000000  331.408000  -1850.920000
360000.000000  329.344000  -1849.610000
360500.000000  328.990000  -1849.270000
361000.000000  327.093000  -1847.600000
361500.000000  323.406000  -1842.990000
362000.000000  324.752000  -1840.690000
362500.000000  324.701000  -1840.610000
363000.000000  322.674000  -1835.580000
363500.000000  321.941000  -1833.450000
364000.000000  320.644000  -1831.400000
364500.000000  317.634000  -1828.390000
365000.000000  318.018000  -1827.140000
365500.000000  315.444000  -1823.030000
366000.000000  316.916000  -1822.880000
366500.000000  314.898000  -1821.740000
367000.000000  314.812000  -1817.770000
367500.000000  312.475000  -1813.890000
368000.000000  312.464000  -1813.060000
368500.000000  308.404000  -1811.240000
369000.000000  309.526000  -1807.000000
369500.000000  309.767000  -1802.360000
370000.000000  307.637000  -1803.170000
370500.000000  305.499000  -1801.790000
371000.000000  305.591000  -1799.510000
371500.000000  305.448000  -1797.740000
372000.000000  303.683000  -1794.890000
372500.000000  302.529000  -1792.260000
373000.000000  302.692000  -1791.270000
373500.000000  302.573000  -1788.880000
374000.000000  299.365000  -1786.810000
374500.000000  299.762000  -1783.930000
375000.000000  296.991000  -1780.030000
375500.000000  296.089000  -1780.850000
376000.000000  295.965000  -1777.160000
376500.000000  296.351000  -1775.520000
377000.000000  292.878000  -1772.960000
377500.000000  289.854000  -1770.260000
378000.000000  291.301000  -1768.690000
378500.000000  290.372000  -1766.890000
379000.000000  289.388000  -1766.090000
379500.000000  288.611000  -1761.010000
380000.000000  286.271000  -1759.640000
380500.000000  284.299000  -1757.910000
381000.000000  284.337000  -1754.050000
381500.000000  285.216000  -1754.030000
382000.000000  283.012000  -1751.150000
382500.000000  285.295000  -1746.900000
383000.000000  280.908000  -1747.980000
383500.000000  279.893000  -1743.530000
384000.000000  278.997000  -1743.900000
384500.000000  280.838000  -1740.870000
385000.000000  278.071000  -1738.300000
385500.000000  271.941000  -1735.820000
386000.000000  275.062000  -1733.980000
386500.000000  274.207000  -1732.290000
387000.000000  273.274000  -1731.050000
387500.000000  272.236000  -1726.370000
388000.000000  269.923000  -1726.280000
388500.000000  268.551000  -1723.670000
389000.000000  269.715000  -1723.250000
389500.000000  270.335000  -1720.200000
390000.000000  268.224000  -1717.320000
390500.000000  269.554000  -1713.050000
391000.000000  264.930000  -1714.200000
391500.000000  265.090000  -1712.650000
392000.000000  264.135000  -1709.800000
392500.000000  264.872000  -1708.640000
393000.000000  262.122000  -1706.810000
393500.000000  262.090000  -1703.220000
394000.000000  259.938000  -1701.740000
394500.000000  257.809000  -1698.390000
395000.000000  258.614000  -1699.890000
395500.000000  258.240000  -1694.150000
396000.000000  256.805000  -1693.540000
396500.000000  258.734000  -1691.340000
397000.000000  254.981000  -1689.160000
397500.000000  253.292000  -1687.430000
398000.000000  254.304000  -1685.660000
398500.000000  251.261000  -1685.590000
399000.000000  253.250000  -1680.650000
399500.000000  250.470000  -1678.400000
400000.000000  250.337000  -1677.890000
400500.000000  249.393000  -1676.510000
401000.000000  248.533000  -1673.700000
401500.000000  246.920000  -1672.690000
402000.000000  247.007000  -1668.990000
402500.000000  244.454000  -1669.590000
403000.000000  244.228000  -1666.190000
403500.000000  243.032000  -1663.140000
404000.000000  243.385000  -1661.440000
404500.000000  240.941000  -1659.130000
405000.000000  242.024000  -1658.390000
405500.000000  242.583000  -1657.040000
406000.000000  240.026000  -1653.940000
406500.000000  241.954000  -1652.130000
407000.000000  242.453000  -1649.940000
407500.000000  235.744000  -1650.020000
408000.000000  238.129000  -1646.360000
408500.000000  233.639000  -1644.510000
409000.000000  235.288000  -1644.290000
409500.000000  237.288000  -1642.520000
410000.000000  234.921000  -1638.680000
410500.000000  235.781000  -1637.440000
411000.000000  231.466000  -1635.590000
411500.000000  229.553000  -1634.480000
412000.000000  230.368000  -1632.430000
412500.000000  228.662000  -1625.860000
413000.000000  228.493000  -1626.570000
413500.000000  227.656000  -1625.690000
414000.000000  224.241000  -1622.780000
414500.000000  229.030000  -1622.340000
415000.000000  225.459000  -1618.770000
415500.000000  223.582000  -1618.130000
416000.000000  224.596000  -1615.660000
416500.000000  223.689000  -1612.750000
417000.000000  222.873000  -1612.800000
417500.000000  223.613000  -1610.450000
418000.000000  221.227000  -1610.010000
418500.000000  223.542000  -1608.070000
419000.000000  221.213000  -1607.400000
419500.000000  214.916000  -1604.010000
420000.000000  217.007000  -1601.900000
420500.000000  214.125000  -1599.610000
421000.000000  216.211000  -1600.670000
421500.000000  217.280000  -1595.630000
422000.000000  215.236000  -1594.610000
422500.000000  217.430000  -1593.340000
423000.000000  212.451000  -1591.770000
423500.000000  210.561000  -1588.360000
424000.000000  213.046000  -1586.620000
424500.000000  210.371000  -1584.130000
425000.000000  209.976000  -1584.270000
425500.000000  208.457000  -1583.320000
426000.000000  209.841000  -1580.160000
426500.000000  207.167000  -1579.180000
427000.000000  208.412000  -1576.900000
427500.000000  206.373000  -1573.070000
428000.000000  205.771000  -1573.890000
428500.000000  205.604000  -1570.570000
429000.000000  204.694000  -1568.500000
429500.000000  202.457000  -1567.810000
430000.000000  203.551000  -1565.890000
430500.000000  202.662000  -1563.800000
431000.000000  203.668000  -1562.120000
431500.000000  202.304000  -1562.090000
432000.000000  200.539000  -1560.080000
432500.000000  200.905000  -1558.460000
433000.000000  199.370000  -1555.040000
433500.000000  200.684000  -1553.790000
434000.000000  197.825000  -1552.090000
434500.000000  198.861000  -1549.700000
435000.000000  196.695000  -1549.360000
435500.000000  194.708000  -1550.280000
436000.000000  194.907000  -1545.660000
436500.000000  192.764000  -1545.070000
437000.000000  193.157000  -1541.560000
437500.000000  195.984000  -1541.760000
438000.000000  192.776000  -1538.470000
438500.000000  193.902000  -1537.200000
439000.000000  190.828000  -1536.780000
439500.000000  186.615000  -1534.490000
440000.000000  187.764000  -1531.950000
440500.000000  189.695000  -1530.320000
441000.000000  190.117000  -1529.720000
441500.000000  188.978000  -1526.690000
442000.000000  188.197000  -1524.910000
442500.000000  185.950000  -1522.890000
443000.000000  189.260000  -1523.990000
443500.000000  186.407000  -1521.800000
444000.000000  183.566000  -1517.060000
444500.000000  186.668000  -1517.840000
445000.000000  185.030000  -1517.930000
445500.000000  184.044000  -1514.170000
446000.000000  184.172000  -1512.760000
446500.000000  181.725000  -1510.610000
447000.000000  180.699000  -1507.840000
447500.000000  178.818000  -1507.730000
448000.000000  179.675000  -1505.410000
448500.000000  177.893000  -1504.200000
449000.000000  178.224000  -1502.170000
449500.000000  178.307000  -1502.910000
450000.000000  177.064000  -1497.940000
450500.000000  177.369000  -1498.620000
451000.000000  176.884000  -1496.670000
451500.000000  177.727000  -1493.910000
452000.000000  174.857000  -1493.550000
452500.000000  176.369000  -1491.360000
453000.000000  173.404000  -1490.790000
453500.000000  171.824000  -1488.230000
454000.000000  172.105000  -1486.140000
454500.000000  171.035000  -1483.230000
455000.000000  170.309000  -1482.890000
455500.000000  170.892000  -1480.440000
456000.000000  171.214000  -1478.800000
456500.000000  168.117000  -1478.080000
457000.000000  168.868000  -1479.150000
457500.000000  165.934000  -1477.590000
458000.000000  167.361000  -1473.810000
458500.000000  166.954000  -1475.280000
459000.000000  167.188000  -1469.730000
459500.000000  168.237000  -1469.940000
460000.000000  164.679000  -1467.000000
460500.000000  167.247000  -1466.410000
461000.000000  164.398000  -1465.830000
461500.000000  163.227000  -1463.420000
462000.000000  162.764000  -1460.920000
462500.000000  161.730000  -1462.030000
463000.000000  162.441000  -1458.160000
463500.000000  160.603000  -1457.010000
464000.000000  160.119000  -1455.680000
464500.000000  160.067000  -1453.110000
465000.000000  161.570000  -1452.740000
465500.000000  157.430000  -1453.300000
466000.000000  159.224000  -1449.150000
466500.000000  156.624000  -1446.650000
467000.000000  157.802000  -1446.020000
467500.000000  155.524000  -1445.480000
468000.000000  156.340000  -1443.900000
468500.000000  154.898000  -1443.070000
469000.000000  155.582000  -1440.240000
469500.000000  157.253000  -1439.140000
470000.000000  155.254000  -1438.250000
470500.000000  152.551000  -1437.340000
471000.000000  154.031000  -1434.870000
471500.000000  154.019000  -1431.110000
472000.000000  151.226000  -1431.700000
472500.000000  153.947000  -1430.710000
473000.000000  150.352000  -1428.290000
473500.000000  150.993000  -1426.020000
474000.000000  150.007000  -1426.040000
474500.000000  150.712000  -1424.360000
475000.000000  149.085000  -1422.930000
475500.000000  146.900000  -1422.400000
476000.000000  147.362000  -1420.300000
476500.000000  147.381000  -1416.650000
477000.000000  146.924000  -1416.750000
477500.000000  144.339000  -1415.740000
478000.000000  145.544000  -1415.380000
478500.000000  146.161000  -1412.360000
479000.000000  144.024000  -1411.470000
479500.000000  142.257000  -1410.180000
480000.000000  145.585000  -1408.790000
480500.000000  141.974000  -1407.550000
481000.000000  142.146000  -1405.190000
481500.000000  142.183000  -1405.210000
482000.000000  141.477000  -1402.560000
482500.000000  138.074000  -1401.310000
483000.000000  140.432000  -1400.950000
483500.000000  141.375000  -1400.670000
484000.000000  137.826000  -1396.420000
484500.000000  139.505000  -1396.990000
485000.000000  138.919000  -1393.040000
485500.000000  139.626000  -1393.510000
486000.000000  138.306000  -1391.290000
486500.000000  136.265000  -1391.480000
487000.000000  136.865000  -1387.140000
487500.000000  138.083000  -1388.160000
488000.000000  134.958000  -1386.610000
488500.000000  136.337000  -1385.550000
489000.000000  134.376000  -1382.850000
489500.000000  133.278000  -1380.670000
490000.000000  133.429000  -1380.700000
490500.000000  134.190000  -1378.310000
491000.000000  131.392000  -1375.510000
491500.000000  133.864000  -1374.910000
492000.000000  132.398000  -1375.110000
492500.000000  133.481000  -1372.710000
493000.000000  130.471000  -1372.710000
493500.000000  130.381000  -1369.320000
494000.000000  130.649000  -1368.400000
494500.000000  129.579000  -1369.990000
495000.000000  129.145000  -1365.930000
495500.000000  128.816000  -1363.480000
496000.000000  127.372000  -1364.830000
496500.000000  130.053000  -1362.350000
497000.000000  126.230000  -1362.350000
497500.000000  127.031000  -1360.710000
498000.000000  126.645000  -1358.520000
498500.000000  127.444000  -1359.510000
499000.000000  127.542000  -1355.590000
499500.000000  125.031000  -1353.250000
500000.000000  124.649000  -1352.930000
